N_Ep,Env_Steps,Avf_RM,Avg_EPLM
0.0,1.0,0.0,0.0
73.0,10001.0,-173.3000030517578,148.1999969482422
140.0,20001.0,-129.6999969482422,162.8000030517578
198.0,30001.0,-62.099998474121094,159.89999389648438
255.0,40001.0,-0.30000001192092896,175.6999969482422
313.0,50001.0,49.400001525878906,171.89999389648438
368.0,60001.0,88.0,198.0
416.0,70001.0,36.400001525878906,139.89999389648438
477.0,80001.0,33.099998474121094,138.10000610351562
541.0,90001.0,49.20000076293945,152.1999969482422
602.0,100001.0,86.80000305175781,194.3000030517578
658.0,110001.0,115.4000015258789,221.89999389648438
720.0,120001.0,67.80000305175781,171.8000030517578
789.0,130001.0,59.599998474121094,166.10000610351562
858.0,140001.0,65.80000305175781,175.3000030517578
927.0,150001.0,22.5,126.5
987.0,160001.0,81.5999984741211,191.10000610351562
1059.0,170001.0,45.400001525878906,152.89999389648438
1131.0,180001.0,54.20000076293945,159.1999969482422
1196.0,190001.0,37.099998474121094,142.10000610351562
1266.0,200001.0,26.799999237060547,130.3000030517578
1321.0,210001.0,75.9000015258789,185.89999389648438
1380.0,220001.0,55.79999923706055,162.8000030517578
1435.0,230001.0,59.79999923706055,169.8000030517578
1504.0,240001.0,16.100000381469727,119.5999984741211
1572.0,250001.0,83.30000305175781,192.3000030517578
1632.0,260001.0,57.70000076293945,162.1999969482422
1692.0,270001.0,45.20000076293945,150.1999969482422
1748.0,280001.0,95.0999984741211,205.60000610351562
1812.0,290001.0,59.20000076293945,165.1999969482422
1858.0,300001.0,36.5,143.0
1907.0,310001.0,117.0,235.0
1980.0,320001.0,19.5,125.5
2051.0,330001.0,34.599998474121094,141.10000610351562
2129.0,340001.0,24.299999237060547,127.80000305175781
2201.0,350001.0,19.200000762939453,127.69999694824219
2268.0,360001.0,97.30000305175781,217.8000030517578
2334.0,370001.0,47.79999923706055,152.8000030517578
2419.0,380001.0,28.0,135.0
2491.0,390001.0,45.29999923706055,153.3000030517578
2563.0,400001.0,58.29999923706055,166.3000030517578
2642.0,410001.0,14.5,118.0
2720.0,420001.0,4.099999904632568,108.0999984741211
2791.0,430001.0,39.0,149.0
2862.0,440001.0,0.20000000298023224,102.69999694824219
2937.0,450001.0,40.0,147.0
3008.0,460001.0,3.5,107.5
3093.0,470001.0,8.0,111.0
3175.0,480001.0,14.100000381469727,116.5999984741211
3254.0,490001.0,58.20000076293945,172.1999969482422
3313.0,500001.0,70.4000015258789,180.39999389648438
3368.0,510001.0,57.70000076293945,167.1999969482422
3437.0,520001.0,18.799999237060547,120.80000305175781
3504.0,530001.0,54.400001525878906,165.89999389648438
3564.0,540001.0,18.899999618530273,127.4000015258789
3634.0,550001.0,35.70000076293945,143.1999969482422
3707.0,560001.0,14.199999809265137,121.69999694824219
3770.0,570001.0,83.0,199.0
3839.0,580001.0,53.29999923706055,168.3000030517578
3911.0,590001.0,7.099999904632568,110.0999984741211
3984.0,600001.0,40.0,153.0
4062.0,610001.0,16.0,120.0
4127.0,620001.0,46.79999923706055,158.8000030517578
4199.0,630001.0,52.400001525878906,165.89999389648438
4257.0,640001.0,103.69999694824219,226.1999969482422
4307.0,650001.0,66.9000015258789,179.39999389648438
4389.0,660001.0,0.5,105.0
4455.0,670001.0,38.70000076293945,145.6999969482422
4513.0,680001.0,45.0,164.5
4575.0,690001.0,63.900001525878906,186.39999389648438
4636.0,700001.0,7.0,120.5
4709.0,710001.0,24.700000762939453,130.1999969482422
4777.0,720001.0,39.599998474121094,145.60000610351562
4835.0,730001.0,81.4000015258789,199.39999389648438
4892.0,740001.0,72.30000305175781,185.8000030517578
4967.0,750001.0,76.0,189.5
5032.0,760001.0,95.0999984741211,218.60000610351562
5089.0,770001.0,16.299999237060547,119.30000305175781
5149.0,780001.0,54.29999923706055,164.8000030517578
5199.0,790001.0,98.19999694824219,227.6999969482422
5268.0,800001.0,22.299999237060547,133.3000030517578
5332.0,810001.0,82.69999694824219,195.1999969482422
5381.0,820001.0,84.4000015258789,194.89999389648438
5434.0,830001.0,70.30000305175781,187.3000030517578
5496.0,840001.0,92.5999984741211,202.60000610351562
5561.0,850001.0,53.5,162.0
5621.0,860001.0,100.19999694824219,215.6999969482422
5683.0,870001.0,10.899999618530273,115.9000015258789
5754.0,880001.0,21.100000381469727,128.10000610351562
5812.0,890001.0,89.69999694824219,202.6999969482422
5874.0,900001.0,52.20000076293945,165.1999969482422
5927.0,910001.0,60.70000076293945,190.1999969482422
5982.0,920001.0,59.0,171.5
6043.0,930001.0,31.5,136.5
6095.0,940001.0,57.900001525878906,170.39999389648438
6147.0,950001.0,67.5999984741211,182.10000610351562
6215.0,960001.0,55.099998474121094,170.10000610351562
6289.0,970001.0,13.800000190734863,120.30000305175781
6351.0,980001.0,76.9000015258789,198.39999389648438
6410.0,990001.0,35.599998474121094,144.10000610351562
6470.0,1000001.0,64.30000305175781,178.8000030517578
6543.0,1010001.0,35.29999923706055,144.3000030517578
6610.0,1020001.0,13.600000381469727,119.0999984741211
6672.0,1030001.0,27.200000762939453,133.6999969482422
6732.0,1040001.0,132.60000610351562,254.60000610351562
6788.0,1050001.0,86.9000015258789,209.39999389648438
6848.0,1060001.0,31.600000381469727,136.10000610351562
6909.0,1070001.0,55.599998474121094,168.10000610351562
6955.0,1080001.0,98.19999694824219,219.6999969482422
7008.0,1090001.0,51.29999923706055,164.8000030517578
7066.0,1100001.0,91.80000305175781,224.3000030517578
7120.0,1110001.0,106.0,238.5
7175.0,1120001.0,47.900001525878906,154.39999389648438
7239.0,1130001.0,54.900001525878906,167.39999389648438
7303.0,1140001.0,58.29999923706055,168.3000030517578
7358.0,1150001.0,69.19999694824219,182.1999969482422
7414.0,1160001.0,52.0,172.5
7478.0,1170001.0,45.400001525878906,152.89999389648438
7525.0,1180001.0,74.5,204.5
7594.0,1190001.0,31.899999618530273,136.39999389648438
7664.0,1200001.0,15.399999618530273,127.4000015258789
7723.0,1210001.0,44.20000076293945,154.6999969482422
7780.0,1220001.0,78.30000305175781,200.3000030517578
7834.0,1230001.0,35.5,143.5
7905.0,1240001.0,45.599998474121094,158.10000610351562
7967.0,1250001.0,93.30000305175781,209.3000030517578
8024.0,1260001.0,42.599998474121094,150.10000610351562
8073.0,1270001.0,46.5,159.0
8124.0,1280001.0,122.0,250.0
8178.0,1290001.0,70.30000305175781,181.3000030517578
8241.0,1300001.0,25.299999237060547,136.8000030517578
8315.0,1310001.0,44.900001525878906,149.39999389648438
8365.0,1320001.0,41.20000076293945,148.1999969482422
8426.0,1330001.0,69.5999984741211,184.60000610351562
8484.0,1340001.0,42.29999923706055,151.3000030517578
8536.0,1350001.0,69.9000015258789,181.89999389648438
8584.0,1360001.0,104.69999694824219,230.6999969482422
8642.0,1370001.0,25.299999237060547,136.3000030517578
8702.0,1380001.0,59.70000076293945,171.1999969482422
8755.0,1390001.0,58.400001525878906,187.39999389648438
8802.0,1400001.0,114.9000015258789,236.89999389648438
8872.0,1410001.0,49.29999923706055,157.3000030517578
8934.0,1420001.0,52.900001525878906,163.89999389648438
8979.0,1430001.0,123.4000015258789,257.8999938964844
9031.0,1440001.0,84.0999984741211,197.60000610351562
9085.0,1450001.0,61.0,169.0
9136.0,1460001.0,114.69999694824219,233.1999969482422
9184.0,1470001.0,79.0999984741211,196.10000610351562
9230.0,1480001.0,86.80000305175781,216.8000030517578
9288.0,1490001.0,28.5,135.0
9352.0,1500001.0,36.20000076293945,148.1999969482422
9399.0,1510001.0,120.19999694824219,244.6999969482422
9443.0,1520001.0,109.30000305175781,236.3000030517578
9503.0,1530001.0,18.299999237060547,123.30000305175781
9582.0,1540001.0,20.0,133.5
9647.0,1550001.0,44.099998474121094,153.60000610351562
9716.0,1560001.0,43.29999923706055,169.8000030517578
9781.0,1570001.0,43.20000076293945,161.1999969482422
9855.0,1580001.0,21.799999237060547,129.3000030517578
9915.0,1590001.0,35.5,164.0
9964.0,1600001.0,91.0999984741211,224.10000610351562
10038.0,1610001.0,68.80000305175781,185.8000030517578
10088.0,1620001.0,70.5999984741211,193.10000610351562
10139.0,1630001.0,9.600000381469727,115.0999984741211
10226.0,1640001.0,24.700000762939453,135.1999969482422
10297.0,1650001.0,11.800000190734863,120.80000305175781
10362.0,1660001.0,21.899999618530273,140.89999389648438
10421.0,1670001.0,68.4000015258789,201.39999389648438
10481.0,1680001.0,23.700000762939453,142.1999969482422
10534.0,1690001.0,68.69999694824219,210.1999969482422
10593.0,1700001.0,24.0,174.5
10643.0,1710001.0,99.19999694824219,229.1999969482422
10708.0,1720001.0,13.800000190734863,126.30000305175781
10782.0,1730001.0,22.100000381469727,130.60000610351562
10851.0,1740001.0,35.599998474121094,169.60000610351562
10913.0,1750001.0,17.899999618530273,139.89999389648438
10983.0,1760001.0,18.899999618530273,146.89999389648438
11053.0,1770001.0,27.899999618530273,160.39999389648438
11116.0,1780001.0,38.900001525878906,199.89999389648438
11174.0,1790001.0,18.200000762939453,147.6999969482422
11227.0,1800001.0,60.099998474121094,199.60000610351562
11282.0,1810001.0,95.19999694824219,236.1999969482422
11336.0,1820001.0,47.599998474121094,178.60000610351562
11393.0,1830001.0,22.100000381469727,157.10000610351562
11441.0,1840001.0,68.4000015258789,229.39999389648438
11502.0,1850001.0,16.899999618530273,137.39999389648438
11565.0,1860001.0,17.799999237060547,160.3000030517578
11615.0,1870001.0,42.70000076293945,195.6999969482422
11667.0,1880001.0,75.5999984741211,268.6000061035156
11731.0,1890001.0,11.100000381469727,157.60000610351562
11788.0,1900001.0,14.699999809265137,157.1999969482422
11837.0,1910001.0,60.400001525878906,222.89999389648438
11889.0,1920001.0,50.79999923706055,194.8000030517578
11934.0,1930001.0,86.30000305175781,241.3000030517578
11981.0,1940001.0,53.099998474121094,193.10000610351562
12030.0,1950001.0,52.099998474121094,208.10000610351562
12079.0,1960001.0,43.5,191.0
12121.0,1970001.0,75.19999694824219,229.6999969482422
12175.0,1980001.0,55.400001525878906,194.89999389648438
12231.0,1990001.0,64.9000015258789,205.39999389648438
12283.0,2000001.0,58.400001525878906,196.39999389648438
12327.0,2010001.0,100.0,267.5
12368.0,2020001.0,101.30000305175781,261.29998779296875
12422.0,2030001.0,18.799999237060547,147.8000030517578
12471.0,2040001.0,29.700000762939453,177.6999969482422
12520.0,2050001.0,11.899999618530273,179.89999389648438
12564.0,2060001.0,69.4000015258789,229.89999389648438
12604.0,2070001.0,104.4000015258789,260.3999938964844
12656.0,2080001.0,44.29999923706055,175.3000030517578
12714.0,2090001.0,40.29999923706055,187.8000030517578
12759.0,2100001.0,62.5,276.0
12812.0,2110001.0,12.399999618530273,175.39999389648438
12868.0,2120001.0,65.5,211.5
12915.0,2130001.0,11.0,194.0
12965.0,2140001.0,9.100000381469727,176.10000610351562
13018.0,2150001.0,54.79999923706055,213.3000030517578
13069.0,2160001.0,55.599998474121094,213.60000610351562
13124.0,2170001.0,30.700000762939453,165.6999969482422
13175.0,2180001.0,72.4000015258789,221.89999389648438
13224.0,2190001.0,78.4000015258789,213.89999389648438
13275.0,2200001.0,52.099998474121094,203.60000610351562
13325.0,2210001.0,32.900001525878906,173.39999389648438
13365.0,2220001.0,103.30000305175781,268.29998779296875
13409.0,2230001.0,53.0,201.0
13459.0,2240001.0,5.800000190734863,145.3000030517578
13501.0,2250001.0,17.899999618530273,189.89999389648438
13548.0,2260001.0,65.30000305175781,242.8000030517578
13592.0,2270001.0,62.400001525878906,219.39999389648438
13632.0,2280001.0,115.0,287.0
13674.0,2290001.0,61.099998474121094,239.60000610351562
13716.0,2300001.0,33.5,181.5
13758.0,2310001.0,62.29999923706055,227.3000030517578
13809.0,2320001.0,47.5,196.0
13849.0,2330001.0,117.0,287.0
13887.0,2340001.0,72.80000305175781,236.8000030517578
13933.0,2350001.0,60.79999923706055,224.3000030517578
13973.0,2360001.0,90.9000015258789,266.8999938964844
14013.0,2370001.0,105.0,289.0
14051.0,2380001.0,57.79999923706055,219.8000030517578
14089.0,2390001.0,86.80000305175781,235.8000030517578
14130.0,2400001.0,131.39999389648438,279.8999938964844
14176.0,2410001.0,43.900001525878906,176.39999389648438
14219.0,2420001.0,15.5,164.5
14268.0,2430001.0,53.400001525878906,186.89999389648438
14307.0,2440001.0,91.5,251.5
14349.0,2450001.0,90.5999984741211,249.60000610351562
14391.0,2460001.0,57.400001525878906,204.89999389648438
14432.0,2470001.0,96.19999694824219,261.70001220703125
14472.0,2480001.0,87.69999694824219,250.6999969482422
14505.0,2490001.0,121.80000305175781,286.29998779296875
14545.0,2500001.0,76.19999694824219,228.6999969482422
14590.0,2510001.0,79.80000305175781,233.3000030517578
14633.0,2520001.0,147.10000610351562,300.1000061035156
14671.0,2530001.0,81.5999984741211,236.10000610351562
14707.0,2540001.0,155.39999389648438,317.8999938964844
14745.0,2550001.0,95.69999694824219,242.1999969482422
14785.0,2560001.0,84.0999984741211,228.10000610351562
14826.0,2570001.0,89.19999694824219,232.1999969482422
14862.0,2580001.0,153.6999969482422,328.70001220703125
14899.0,2590001.0,137.0,284.0
14936.0,2600001.0,103.69999694824219,249.6999969482422
14970.0,2610001.0,96.9000015258789,248.89999389648438
15005.0,2620001.0,124.5999984741211,281.1000061035156
15041.0,2630001.0,107.5999984741211,259.6000061035156
15075.0,2640001.0,129.10000610351562,288.1000061035156
15109.0,2650001.0,156.3000030517578,345.79998779296875
15142.0,2660001.0,132.5,302.0
15174.0,2670001.0,131.5,300.5
15210.0,2680001.0,100.5,239.5
15246.0,2690001.0,146.10000610351562,291.6000061035156
15284.0,2700001.0,132.3000030517578,265.79998779296875
15316.0,2710001.0,154.8000030517578,303.29998779296875
15352.0,2720001.0,104.19999694824219,238.6999969482422
15387.0,2730001.0,120.0999984741211,270.1000061035156
15422.0,2740001.0,112.4000015258789,268.8999938964844
15463.0,2750001.0,91.5999984741211,227.10000610351562
15501.0,2760001.0,80.80000305175781,219.3000030517578
15533.0,2770001.0,147.3000030517578,306.29998779296875
15566.0,2780001.0,163.6999969482422,300.70001220703125
15596.0,2790001.0,192.6999969482422,351.70001220703125
15629.0,2800001.0,155.10000610351562,296.6000061035156
15667.0,2810001.0,129.89999389648438,287.8999938964844
15701.0,2820001.0,154.60000610351562,291.6000061035156
15736.0,2830001.0,141.3000030517578,285.79998779296875
15769.0,2840001.0,142.5,300.5
15804.0,2850001.0,112.4000015258789,252.89999389648438
15838.0,2860001.0,87.69999694824219,261.70001220703125
15872.0,2870001.0,195.0,373.5
15906.0,2880001.0,143.39999389648438,278.8999938964844
15940.0,2890001.0,245.89999389648438,411.8999938964844
15972.0,2900001.0,156.10000610351562,294.6000061035156
16006.0,2910001.0,137.89999389648438,288.3999938964844
16044.0,2920001.0,135.5,278.0
16079.0,2930001.0,63.20000076293945,197.1999969482422
16112.0,2940001.0,155.1999969482422,307.20001220703125
16145.0,2950001.0,153.3000030517578,302.79998779296875
16179.0,2960001.0,155.1999969482422,307.70001220703125
16214.0,2970001.0,130.3000030517578,288.79998779296875
16241.0,2980001.0,194.1999969482422,362.20001220703125
16275.0,2990001.0,155.39999389648438,293.3999938964844
16308.0,3000001.0,145.8000030517578,283.29998779296875
16342.0,3010001.0,142.89999389648438,279.3999938964844
16379.0,3020001.0,148.60000610351562,297.6000061035156
16413.0,3030001.0,159.60000610351562,298.6000061035156
16444.0,3040001.0,184.8000030517578,359.79998779296875
16478.0,3050001.0,182.5,331.5
16515.0,3060001.0,103.5999984741211,236.10000610351562
16549.0,3070001.0,198.60000610351562,342.1000061035156
16583.0,3080001.0,126.5,267.5
16615.0,3090001.0,141.8000030517578,316.29998779296875
16647.0,3100001.0,140.10000610351562,286.1000061035156
16680.0,3110001.0,167.3000030517578,327.29998779296875
16713.0,3120001.0,152.10000610351562,296.1000061035156
16748.0,3130001.0,121.9000015258789,281.8999938964844
16780.0,3140001.0,183.0,347.0
16817.0,3150001.0,121.69999694824219,255.6999969482422
16848.0,3160001.0,179.89999389648438,336.8999938964844
16878.0,3170001.0,173.1999969482422,316.70001220703125
16909.0,3180001.0,212.6999969482422,391.20001220703125
16937.0,3190001.0,200.6999969482422,362.20001220703125
16971.0,3200001.0,123.80000305175781,272.79998779296875
16999.0,3210001.0,223.39999389648438,395.8999938964844
17034.0,3220001.0,131.5,272.5
17066.0,3230001.0,174.10000610351562,318.1000061035156
17095.0,3240001.0,162.39999389648438,309.8999938964844
17126.0,3250001.0,215.10000610351562,380.6000061035156
17157.0,3260001.0,175.8000030517578,341.29998779296875
17193.0,3270001.0,163.6999969482422,307.70001220703125
17223.0,3280001.0,180.10000610351562,319.1000061035156
17254.0,3290001.0,196.10000610351562,337.6000061035156
17283.0,3300001.0,179.8000030517578,344.29998779296875
17312.0,3310001.0,200.1999969482422,360.20001220703125
17341.0,3320001.0,207.10000610351562,358.1000061035156
17372.0,3330001.0,205.0,360.5
17399.0,3340001.0,218.5,368.5
17427.0,3350001.0,214.8000030517578,375.29998779296875
17459.0,3360001.0,126.19999694824219,274.20001220703125
17485.0,3370001.0,251.5,410.0
17511.0,3380001.0,264.70001220703125,422.20001220703125
17544.0,3390001.0,151.5,290.0
17573.0,3400001.0,240.8000030517578,396.29998779296875
17602.0,3410001.0,215.89999389648438,364.8999938964844
17636.0,3420001.0,163.0,305.0
17665.0,3430001.0,168.0,310.5
17694.0,3440001.0,195.6999969482422,340.20001220703125
17722.0,3450001.0,191.60000610351562,335.1000061035156
17747.0,3460001.0,227.8000030517578,382.79998779296875
17773.0,3470001.0,279.3999938964844,437.8999938964844
17802.0,3480001.0,205.1999969482422,349.70001220703125
17828.0,3490001.0,257.29998779296875,402.29998779296875
17861.0,3500001.0,150.39999389648438,291.3999938964844
17886.0,3510001.0,201.5,329.5
17916.0,3520001.0,188.6999969482422,324.70001220703125
17945.0,3530001.0,143.39999389648438,282.3999938964844
17980.0,3540001.0,159.89999389648438,288.8999938964844
18006.0,3550001.0,244.8000030517578,394.79998779296875
18033.0,3560001.0,251.10000610351562,397.1000061035156
18064.0,3570001.0,185.10000610351562,335.1000061035156
18091.0,3580001.0,207.6999969482422,358.20001220703125
18120.0,3590001.0,187.60000610351562,331.1000061035156
18146.0,3600001.0,239.1999969482422,408.70001220703125
18174.0,3610001.0,219.6999969482422,356.20001220703125
18200.0,3620001.0,287.0,435.5
18227.0,3630001.0,194.10000610351562,334.6000061035156
18256.0,3640001.0,191.5,325.0
18282.0,3650001.0,225.8000030517578,372.29998779296875
18313.0,3660001.0,230.6999969482422,368.70001220703125
18338.0,3670001.0,266.3999938964844,431.8999938964844
18370.0,3680001.0,194.0,359.0
18401.0,3690001.0,225.89999389648438,362.8999938964844
18430.0,3700001.0,249.89999389648438,399.3999938964844
18460.0,3710001.0,225.1999969482422,378.20001220703125
18491.0,3720001.0,181.39999389648438,312.3999938964844
18519.0,3730001.0,239.60000610351562,387.6000061035156
18541.0,3740001.0,245.5,388.0
18569.0,3750001.0,199.1999969482422,340.20001220703125
18597.0,3760001.0,203.8000030517578,347.29998779296875
18622.0,3770001.0,265.8999938964844,416.8999938964844
18650.0,3780001.0,175.1999969482422,310.20001220703125
18674.0,3790001.0,213.0,353.0
18698.0,3800001.0,281.29998779296875,432.79998779296875
18723.0,3810001.0,198.0,348.0
18752.0,3820001.0,171.8000030517578,306.79998779296875
18779.0,3830001.0,232.60000610351562,367.6000061035156
18808.0,3840001.0,174.5,323.5
18838.0,3850001.0,187.60000610351562,330.6000061035156
18864.0,3860001.0,220.6999969482422,375.20001220703125
18894.0,3870001.0,227.1999969482422,374.20001220703125
18926.0,3880001.0,224.1999969482422,373.20001220703125
18953.0,3890001.0,231.10000610351562,375.6000061035156
18982.0,3900001.0,168.1999969482422,306.20001220703125
19013.0,3910001.0,201.39999389648438,346.3999938964844
19043.0,3920001.0,210.6999969482422,350.20001220703125
19070.0,3930001.0,265.5,423.0
19097.0,3940001.0,205.89999389648438,365.8999938964844
19126.0,3950001.0,207.60000610351562,360.1000061035156
19153.0,3960001.0,268.29998779296875,422.79998779296875
19179.0,3970001.0,205.6999969482422,338.70001220703125
19208.0,3980001.0,204.60000610351562,339.6000061035156
19234.0,3990001.0,280.70001220703125,445.70001220703125
19260.0,4000001.0,290.3999938964844,457.8999938964844
19287.0,4010001.0,262.79998779296875,407.79998779296875
19313.0,4020001.0,227.89999389648438,370.3999938964844
19345.0,4030001.0,187.1999969482422,325.70001220703125
19371.0,4040001.0,245.0,387.5
19399.0,4050001.0,248.8000030517578,386.79998779296875
19425.0,4060001.0,269.6000061035156,410.6000061035156
19452.0,4070001.0,236.89999389648438,372.3999938964844
19478.0,4080001.0,209.3000030517578,341.79998779296875
19507.0,4090001.0,208.39999389648438,345.3999938964844
19536.0,4100001.0,205.39999389648438,356.8999938964844
19564.0,4110001.0,227.6999969482422,378.20001220703125
19590.0,4120001.0,278.6000061035156,433.1000061035156
19621.0,4130001.0,207.10000610351562,336.1000061035156
19646.0,4140001.0,233.60000610351562,368.6000061035156
19674.0,4150001.0,226.39999389648438,358.3999938964844
19697.0,4160001.0,336.5,500.0
19723.0,4170001.0,227.0,369.0
19751.0,4180001.0,222.0,360.0
19774.0,4190001.0,227.10000610351562,373.6000061035156
19802.0,4200001.0,244.10000610351562,392.6000061035156
19828.0,4210001.0,277.5,425.5
19857.0,4220001.0,263.8999938964844,409.3999938964844
19882.0,4230001.0,229.5,377.5
19907.0,4240001.0,258.5,404.5
19929.0,4250001.0,328.70001220703125,497.20001220703125
19957.0,4260001.0,231.1999969482422,381.20001220703125
19983.0,4270001.0,248.1999969482422,377.20001220703125
20010.0,4280001.0,146.60000610351562,274.6000061035156
20038.0,4290001.0,242.3000030517578,393.79998779296875
20068.0,4300001.0,198.60000610351562,327.1000061035156
20094.0,4310001.0,258.5,402.5
20120.0,4320001.0,262.5,412.5
20145.0,4330001.0,208.5,347.0
20176.0,4340001.0,131.8000030517578,258.79998779296875
20205.0,4350001.0,266.8999938964844,444.8999938964844
20231.0,4360001.0,246.39999389648438,379.3999938964844
20255.0,4370001.0,261.70001220703125,415.70001220703125
20281.0,4380001.0,189.1999969482422,342.20001220703125
20307.0,4390001.0,260.8999938964844,417.8999938964844
20330.0,4400001.0,295.70001220703125,452.20001220703125
20356.0,4410001.0,253.60000610351562,404.1000061035156
20383.0,4420001.0,278.0,438.5
20408.0,4430001.0,276.79998779296875,430.29998779296875
20437.0,4440001.0,246.39999389648438,385.8999938964844
20465.0,4450001.0,169.89999389648438,304.8999938964844
20494.0,4460001.0,245.5,397.5
20520.0,4470001.0,256.8999938964844,405.3999938964844
20547.0,4480001.0,228.3000030517578,368.29998779296875
20576.0,4490001.0,195.39999389648438,322.8999938964844
20602.0,4500001.0,298.20001220703125,442.70001220703125
20634.0,4510001.0,226.0,357.0
20668.0,4520001.0,167.89999389648438,303.8999938964844
20692.0,4530001.0,300.5,471.0
20717.0,4540001.0,258.79998779296875,419.79998779296875
20744.0,4550001.0,266.3999938964844,401.3999938964844
20769.0,4560001.0,232.8000030517578,375.29998779296875
20797.0,4570001.0,245.1999969482422,391.20001220703125
20825.0,4580001.0,231.1999969482422,388.20001220703125
20852.0,4590001.0,241.5,388.0
20878.0,4600001.0,183.89999389648438,321.8999938964844
20901.0,4610001.0,239.89999389648438,392.3999938964844
20928.0,4620001.0,245.89999389648438,388.3999938964844
20954.0,4630001.0,268.29998779296875,415.79998779296875
20981.0,4640001.0,233.10000610351562,382.1000061035156
21006.0,4650001.0,263.5,437.0
21034.0,4660001.0,216.8000030517578,353.29998779296875
21061.0,4670001.0,238.0,375.0
21084.0,4680001.0,302.79998779296875,455.79998779296875
21109.0,4690001.0,290.6000061035156,447.1000061035156
21130.0,4700001.0,289.20001220703125,438.20001220703125
21156.0,4710001.0,263.3999938964844,414.3999938964844
21186.0,4720001.0,194.6999969482422,325.20001220703125
21213.0,4730001.0,217.10000610351562,365.1000061035156
21235.0,4740001.0,311.70001220703125,457.20001220703125
21258.0,4750001.0,291.29998779296875,428.29998779296875
21282.0,4760001.0,290.8999938964844,437.8999938964844
21306.0,4770001.0,351.6000061035156,492.1000061035156
21332.0,4780001.0,239.60000610351562,383.6000061035156
21359.0,4790001.0,284.79998779296875,422.79998779296875
21381.0,4800001.0,251.60000610351562,388.1000061035156
21406.0,4810001.0,259.20001220703125,393.70001220703125
21430.0,4820001.0,279.1000061035156,434.1000061035156
21456.0,4830001.0,242.10000610351562,382.1000061035156
21482.0,4840001.0,276.1000061035156,411.6000061035156
21506.0,4850001.0,295.29998779296875,438.79998779296875
21529.0,4860001.0,237.39999389648438,381.3999938964844
21549.0,4870001.0,357.1000061035156,521.5999755859375
21575.0,4880001.0,295.8999938964844,429.8999938964844
21602.0,4890001.0,222.3000030517578,358.79998779296875
21626.0,4900001.0,274.8999938964844,418.3999938964844
21649.0,4910001.0,285.6000061035156,427.1000061035156
21671.0,4920001.0,302.8999938964844,458.8999938964844
21695.0,4930001.0,272.0,407.5
21717.0,4940001.0,310.3999938964844,453.3999938964844
21740.0,4950001.0,246.6999969482422,382.70001220703125
21761.0,4960001.0,324.3999938964844,468.3999938964844
21781.0,4970001.0,402.6000061035156,550.5999755859375
21804.0,4980001.0,248.39999389648438,382.3999938964844
21827.0,4990001.0,200.6999969482422,340.20001220703125
21850.0,5000001.0,379.0,527.5
21874.0,5010001.0,252.3000030517578,392.29998779296875
21896.0,5020001.0,262.0,392.0
21916.0,5030001.0,325.70001220703125,460.20001220703125
21934.0,5040001.0,445.6000061035156,612.5999755859375
21957.0,5050001.0,289.79998779296875,432.29998779296875
21984.0,5060001.0,237.60000610351562,376.1000061035156
22006.0,5070001.0,293.5,433.5
22033.0,5080001.0,260.5,391.5
22055.0,5090001.0,336.29998779296875,488.79998779296875
22076.0,5100001.0,363.3999938964844,514.9000244140625
22101.0,5110001.0,231.10000610351562,368.1000061035156
22123.0,5120001.0,325.20001220703125,466.70001220703125
22146.0,5130001.0,293.5,437.5
22173.0,5140001.0,227.89999389648438,362.3999938964844
22199.0,5150001.0,231.1999969482422,372.20001220703125
22226.0,5160001.0,260.29998779296875,399.29998779296875
22251.0,5170001.0,290.8999938964844,440.8999938964844
22275.0,5180001.0,327.1000061035156,469.1000061035156
22303.0,5190001.0,220.1999969482422,366.20001220703125
22327.0,5200001.0,242.6999969482422,366.20001220703125
22350.0,5210001.0,250.3000030517578,387.79998779296875
22372.0,5220001.0,290.8999938964844,433.8999938964844
22396.0,5230001.0,310.0,451.5
22420.0,5240001.0,229.5,360.0
22445.0,5250001.0,279.0,421.0
22469.0,5260001.0,308.3999938964844,452.3999938964844
22494.0,5270001.0,204.10000610351562,335.1000061035156
22516.0,5280001.0,257.6000061035156,399.6000061035156
22541.0,5290001.0,242.5,377.0
22563.0,5300001.0,302.1000061035156,443.1000061035156
22590.0,5310001.0,205.39999389648438,330.8999938964844
22616.0,5320001.0,218.89999389648438,350.3999938964844
22643.0,5330001.0,221.1999969482422,359.70001220703125
22668.0,5340001.0,225.6999969482422,360.70001220703125
22696.0,5350001.0,255.8000030517578,390.29998779296875
22722.0,5360001.0,216.1999969482422,356.20001220703125
22743.0,5370001.0,318.0,480.0
22770.0,5380001.0,179.6999969482422,312.70001220703125
22795.0,5390001.0,253.0,393.5
22819.0,5400001.0,226.1999969482422,372.20001220703125
22840.0,5410001.0,279.29998779296875,414.29998779296875
22866.0,5420001.0,181.3000030517578,319.29998779296875
22895.0,5430001.0,212.10000610351562,338.1000061035156
22921.0,5440001.0,213.3000030517578,349.79998779296875
22947.0,5450001.0,265.0,411.0
22971.0,5460001.0,277.1000061035156,421.6000061035156
22994.0,5470001.0,342.3999938964844,482.8999938964844
23015.0,5480001.0,292.8999938964844,443.8999938964844
23036.0,5490001.0,406.79998779296875,564.2999877929688
23062.0,5500001.0,223.6999969482422,351.20001220703125
23088.0,5510001.0,249.8000030517578,389.79998779296875
23118.0,5520001.0,198.3000030517578,323.79998779296875
23141.0,5530001.0,245.6999969482422,385.70001220703125
23167.0,5540001.0,209.5,344.5
23192.0,5550001.0,221.89999389648438,369.3999938964844
23212.0,5560001.0,305.5,452.5
23235.0,5570001.0,279.0,432.0
23260.0,5580001.0,246.0,383.5
23285.0,5590001.0,269.3999938964844,419.8999938964844
23314.0,5600001.0,240.6999969482422,364.20001220703125
23338.0,5610001.0,278.79998779296875,425.29998779296875
23359.0,5620001.0,298.5,432.5
23379.0,5630001.0,287.70001220703125,438.70001220703125
23401.0,5640001.0,278.29998779296875,413.79998779296875
23423.0,5650001.0,262.8999938964844,407.3999938964844
23449.0,5660001.0,261.1000061035156,391.1000061035156
23472.0,5670001.0,266.79998779296875,410.29998779296875
23497.0,5680001.0,268.29998779296875,406.79998779296875
23525.0,5690001.0,255.1999969482422,384.70001220703125
23549.0,5700001.0,255.8000030517578,389.29998779296875
23575.0,5710001.0,284.29998779296875,423.79998779296875
23599.0,5720001.0,315.1000061035156,452.1000061035156
23620.0,5730001.0,328.8999938964844,474.8999938964844
23641.0,5740001.0,364.5,513.5
23665.0,5750001.0,343.20001220703125,496.20001220703125
23688.0,5760001.0,285.0,415.0
23711.0,5770001.0,277.1000061035156,420.1000061035156
23733.0,5780001.0,296.79998779296875,435.29998779296875
23754.0,5790001.0,330.29998779296875,474.79998779296875
23777.0,5800001.0,356.1000061035156,494.6000061035156
23801.0,5810001.0,237.1999969482422,372.20001220703125
23825.0,5820001.0,312.1000061035156,453.1000061035156
23850.0,5830001.0,301.0,440.0
23876.0,5840001.0,234.8000030517578,353.79998779296875
23900.0,5850001.0,283.3999938964844,424.8999938964844
23925.0,5860001.0,240.1999969482422,367.20001220703125
23950.0,5870001.0,256.6000061035156,383.6000061035156
23974.0,5880001.0,245.60000610351562,384.6000061035156
24000.0,5890001.0,217.3000030517578,347.79998779296875
24021.0,5900001.0,368.79998779296875,533.7999877929688
24044.0,5910001.0,198.5,344.0
24063.0,5920001.0,387.79998779296875,545.7999877929688
24085.0,5930001.0,254.10000610351562,392.6000061035156
24108.0,5940001.0,375.8999938964844,518.4000244140625
24129.0,5950001.0,380.79998779296875,550.7999877929688
24154.0,5960001.0,258.70001220703125,390.70001220703125
24178.0,5970001.0,256.6000061035156,390.6000061035156
24203.0,5980001.0,250.0,386.5
24226.0,5990001.0,270.1000061035156,413.6000061035156
24246.0,6000001.0,339.5,484.5
24269.0,6010001.0,253.5,374.5
24290.0,6020001.0,405.6000061035156,562.0999755859375
24312.0,6030001.0,253.8000030517578,386.79998779296875
24334.0,6040001.0,238.89999389648438,370.8999938964844
24355.0,6050001.0,308.70001220703125,451.70001220703125
24383.0,6060001.0,260.1000061035156,397.6000061035156
24411.0,6070001.0,280.29998779296875,410.79998779296875
24430.0,6080001.0,421.70001220703125,567.7000122070312
24453.0,6090001.0,234.1999969482422,360.70001220703125
24477.0,6100001.0,268.70001220703125,404.20001220703125
24497.0,6110001.0,400.8999938964844,558.4000244140625
24521.0,6120001.0,267.5,398.5
24543.0,6130001.0,318.1000061035156,463.1000061035156
24564.0,6140001.0,329.8999938964844,476.8999938964844
24588.0,6150001.0,313.1000061035156,462.6000061035156
24610.0,6160001.0,322.1000061035156,461.1000061035156
24628.0,6170001.0,357.1000061035156,491.6000061035156
24651.0,6180001.0,314.0,452.5
24680.0,6190001.0,220.8000030517578,347.79998779296875
24699.0,6200001.0,388.79998779296875,525.2999877929688
24720.0,6210001.0,295.0,419.0
24743.0,6220001.0,331.70001220703125,468.70001220703125
24766.0,6230001.0,275.79998779296875,403.29998779296875
24787.0,6240001.0,375.29998779296875,514.7999877929688
24809.0,6250001.0,336.1000061035156,473.1000061035156
24828.0,6260001.0,367.6000061035156,506.6000061035156
24848.0,6270001.0,333.20001220703125,472.20001220703125
24870.0,6280001.0,270.8999938964844,408.3999938964844
24891.0,6290001.0,366.1000061035156,513.0999755859375
24913.0,6300001.0,302.6000061035156,452.6000061035156
24935.0,6310001.0,342.29998779296875,474.79998779296875
24956.0,6320001.0,303.6000061035156,437.1000061035156
24978.0,6330001.0,255.6999969482422,386.70001220703125
24999.0,6340001.0,361.20001220703125,498.70001220703125
25018.0,6350001.0,357.6000061035156,504.6000061035156
25040.0,6360001.0,301.6000061035156,453.1000061035156
25060.0,6370001.0,346.8999938964844,486.3999938964844
25083.0,6380001.0,318.0,450.0
25102.0,6390001.0,388.20001220703125,527.7000122070312
25128.0,6400001.0,224.0,352.5
25153.0,6410001.0,320.29998779296875,455.29998779296875
25176.0,6420001.0,272.3999938964844,406.3999938964844
25197.0,6430001.0,385.6000061035156,537.0999755859375
25219.0,6440001.0,369.8999938964844,519.4000244140625
25243.0,6450001.0,350.1000061035156,484.1000061035156
25265.0,6460001.0,304.79998779296875,433.29998779296875
25285.0,6470001.0,293.3999938964844,427.3999938964844
25306.0,6480001.0,332.3999938964844,471.8999938964844
25330.0,6490001.0,250.3000030517578,385.29998779296875
25351.0,6500001.0,372.20001220703125,522.7000122070312
25377.0,6510001.0,228.8000030517578,351.29998779296875
25398.0,6520001.0,360.5,498.0
25419.0,6530001.0,379.3999938964844,523.9000244140625
25439.0,6540001.0,280.29998779296875,423.29998779296875
25460.0,6550001.0,263.0,393.0
25481.0,6560001.0,361.20001220703125,508.20001220703125
25500.0,6570001.0,394.70001220703125,549.2000122070312
25522.0,6580001.0,254.1999969482422,379.20001220703125
25546.0,6590001.0,280.70001220703125,413.20001220703125
25570.0,6600001.0,251.89999389648438,395.8999938964844
25589.0,6610001.0,321.5,469.5
25611.0,6620001.0,344.79998779296875,473.29998779296875
25634.0,6630001.0,322.20001220703125,455.70001220703125
25656.0,6640001.0,333.8999938964844,469.3999938964844
25679.0,6650001.0,273.79998779296875,417.79998779296875
25703.0,6660001.0,271.79998779296875,398.79998779296875
25727.0,6670001.0,256.70001220703125,387.70001220703125
25747.0,6680001.0,338.3999938964844,488.8999938964844
25772.0,6690001.0,276.0,410.5
25795.0,6700001.0,267.3999938964844,405.3999938964844
25816.0,6710001.0,344.6000061035156,484.6000061035156
25838.0,6720001.0,289.79998779296875,432.79998779296875
25859.0,6730001.0,387.20001220703125,524.7000122070312
25883.0,6740001.0,248.6999969482422,378.20001220703125
25905.0,6750001.0,285.3999938964844,409.8999938964844
25926.0,6760001.0,412.0,549.5
25949.0,6770001.0,325.3999938964844,463.8999938964844
25970.0,6780001.0,320.29998779296875,457.29998779296875
25994.0,6790001.0,232.60000610351562,350.6000061035156
26014.0,6800001.0,410.29998779296875,554.7999877929688
26036.0,6810001.0,321.5,460.5
26058.0,6820001.0,339.1000061035156,471.1000061035156
26079.0,6830001.0,314.79998779296875,458.29998779296875
26101.0,6840001.0,251.5,386.0
26121.0,6850001.0,369.5,511.5
26140.0,6860001.0,385.6000061035156,526.5999755859375
26160.0,6870001.0,338.8999938964844,474.3999938964844
26178.0,6880001.0,399.70001220703125,545.2000122070312
26199.0,6890001.0,245.5,374.5
26222.0,6900001.0,291.70001220703125,437.20001220703125
26244.0,6910001.0,309.1000061035156,437.6000061035156
26265.0,6920001.0,325.6000061035156,471.1000061035156
26289.0,6930001.0,234.10000610351562,371.1000061035156
26312.0,6940001.0,291.3999938964844,425.8999938964844
26335.0,6950001.0,248.3000030517578,380.29998779296875
26360.0,6960001.0,288.1000061035156,430.6000061035156
26382.0,6970001.0,326.6000061035156,476.1000061035156
26402.0,6980001.0,403.6000061035156,554.0999755859375
26427.0,6990001.0,236.39999389648438,377.8999938964844
26453.0,7000001.0,249.89999389648438,399.3999938964844
26476.0,7010001.0,275.20001220703125,411.70001220703125
26496.0,7020001.0,375.20001220703125,532.7000122070312
26519.0,7030001.0,266.6000061035156,399.1000061035156
26539.0,7040001.0,340.8999938964844,482.8999938964844
26560.0,7050001.0,433.29998779296875,584.2999877929688
26582.0,7060001.0,306.0,442.5
26609.0,7070001.0,343.70001220703125,482.20001220703125
26629.0,7080001.0,374.6000061035156,523.0999755859375
26651.0,7090001.0,340.20001220703125,494.20001220703125
26673.0,7100001.0,353.8999938964844,482.8999938964844
26696.0,7110001.0,323.3999938964844,465.8999938964844
26716.0,7120001.0,375.5,525.0
26737.0,7130001.0,326.5,454.5
26757.0,7140001.0,349.3999938964844,489.3999938964844
26780.0,7150001.0,319.29998779296875,455.29998779296875
26801.0,7160001.0,289.29998779296875,415.29998779296875
26823.0,7170001.0,328.79998779296875,465.29998779296875
26846.0,7180001.0,288.0,421.5
26868.0,7190001.0,344.5,484.0
26892.0,7200001.0,267.3999938964844,404.8999938964844
26916.0,7210001.0,337.3999938964844,484.3999938964844
26936.0,7220001.0,309.5,455.5
26961.0,7230001.0,291.79998779296875,423.29998779296875
26982.0,7240001.0,296.79998779296875,435.79998779296875
27008.0,7250001.0,256.79998779296875,387.29998779296875
27031.0,7260001.0,308.0,445.5
27055.0,7270001.0,299.6000061035156,434.1000061035156
27083.0,7280001.0,219.0,353.0
27107.0,7290001.0,200.1999969482422,328.70001220703125
27133.0,7300001.0,260.79998779296875,394.79998779296875
27157.0,7310001.0,245.10000610351562,378.6000061035156
27181.0,7320001.0,343.79998779296875,492.79998779296875
27204.0,7330001.0,258.3999938964844,389.8999938964844
27229.0,7340001.0,292.0,429.5
27258.0,7350001.0,219.10000610351562,341.1000061035156
27281.0,7360001.0,337.70001220703125,491.20001220703125
27309.0,7370001.0,234.60000610351562,371.6000061035156
27332.0,7380001.0,295.3999938964844,433.3999938964844
27353.0,7390001.0,349.3999938964844,488.8999938964844
27376.0,7400001.0,317.6000061035156,460.1000061035156
27396.0,7410001.0,358.20001220703125,502.70001220703125
27418.0,7420001.0,351.79998779296875,501.79998779296875
27438.0,7430001.0,336.8999938964844,480.3999938964844
27460.0,7440001.0,244.5,380.0
27481.0,7450001.0,363.29998779296875,507.79998779296875
27504.0,7460001.0,308.6000061035156,452.1000061035156
27526.0,7470001.0,309.6000061035156,459.6000061035156
27551.0,7480001.0,273.79998779296875,403.79998779296875
27580.0,7490001.0,227.89999389648438,358.3999938964844
27604.0,7500001.0,267.0,397.5
27626.0,7510001.0,273.79998779296875,397.79998779296875
27648.0,7520001.0,269.5,399.5
27667.0,7530001.0,365.1000061035156,507.1000061035156
27686.0,7540001.0,365.3999938964844,505.3999938964844
27710.0,7550001.0,267.6000061035156,401.1000061035156
27734.0,7560001.0,223.6999969482422,353.70001220703125
27757.0,7570001.0,291.79998779296875,435.29998779296875
27784.0,7580001.0,226.0,358.0
27809.0,7590001.0,274.3999938964844,420.8999938964844
27829.0,7600001.0,360.5,512.0
27848.0,7610001.0,391.8999938964844,531.4000244140625
27870.0,7620001.0,327.79998779296875,470.29998779296875
27893.0,7630001.0,278.3999938964844,414.8999938964844
27914.0,7640001.0,380.5,520.5
27933.0,7650001.0,379.1000061035156,536.5999755859375
27955.0,7660001.0,288.8999938964844,430.8999938964844
27977.0,7670001.0,319.0,456.0
27997.0,7680001.0,396.6000061035156,559.0999755859375
28018.0,7690001.0,346.1000061035156,494.6000061035156
28038.0,7700001.0,297.20001220703125,432.70001220703125
28061.0,7710001.0,329.6000061035156,479.6000061035156
28084.0,7720001.0,322.8999938964844,463.3999938964844
28111.0,7730001.0,268.79998779296875,400.79998779296875
28136.0,7740001.0,258.0,378.5
28159.0,7750001.0,329.3999938964844,471.3999938964844
28182.0,7760001.0,321.70001220703125,457.20001220703125
28206.0,7770001.0,315.6000061035156,464.6000061035156
28234.0,7780001.0,144.60000610351562,287.6000061035156
28257.0,7790001.0,331.29998779296875,486.79998779296875
28283.0,7800001.0,241.89999389648438,379.3999938964844
28311.0,7810001.0,218.89999389648438,346.8999938964844
28340.0,7820001.0,137.1999969482422,259.70001220703125
28367.0,7830001.0,189.39999389648438,327.8999938964844
28394.0,7840001.0,260.29998779296875,410.29998779296875
28420.0,7850001.0,247.10000610351562,385.6000061035156
28444.0,7860001.0,258.1000061035156,399.1000061035156
28467.0,7870001.0,247.0,418.0
28491.0,7880001.0,273.1000061035156,418.6000061035156
28511.0,7890001.0,418.0,576.5
28534.0,7900001.0,267.0,411.5
28557.0,7910001.0,258.20001220703125,400.70001220703125
28581.0,7920001.0,292.29998779296875,430.29998779296875
28601.0,7930001.0,312.1000061035156,452.6000061035156
28627.0,7940001.0,239.10000610351562,369.6000061035156
28647.0,7950001.0,381.79998779296875,542.7999877929688
28675.0,7960001.0,174.10000610351562,306.1000061035156
28701.0,7970001.0,238.6999969482422,367.20001220703125
28726.0,7980001.0,285.29998779296875,420.29998779296875
28747.0,7990001.0,381.29998779296875,530.7999877929688
28777.0,8000001.0,248.39999389648438,374.8999938964844
28797.0,8010001.0,369.8999938964844,533.4000244140625
28822.0,8020001.0,225.10000610351562,362.6000061035156
28848.0,8030001.0,253.1999969482422,397.20001220703125
28870.0,8040001.0,304.8999938964844,454.3999938964844
28897.0,8050001.0,218.60000610351562,359.6000061035156
28921.0,8060001.0,237.3000030517578,377.79998779296875
28940.0,8070001.0,303.0,462.0
28965.0,8080001.0,252.6999969482422,384.70001220703125
28991.0,8090001.0,294.6000061035156,417.1000061035156
29016.0,8100001.0,293.20001220703125,441.20001220703125
29042.0,8110001.0,247.0,374.5
29070.0,8120001.0,187.3000030517578,312.29998779296875
29092.0,8130001.0,250.3000030517578,388.29998779296875
29113.0,8140001.0,338.3999938964844,476.3999938964844
29136.0,8150001.0,282.20001220703125,419.70001220703125
29160.0,8160001.0,240.8000030517578,371.29998779296875
29187.0,8170001.0,261.6000061035156,393.1000061035156
29211.0,8180001.0,231.8000030517578,357.29998779296875
29235.0,8190001.0,360.5,504.0
29261.0,8200001.0,162.6999969482422,290.20001220703125
29288.0,8210001.0,268.0,396.0
29312.0,8220001.0,222.8000030517578,349.29998779296875
29335.0,8230001.0,248.8000030517578,383.29998779296875
29356.0,8240001.0,285.6000061035156,417.1000061035156
29379.0,8250001.0,279.6000061035156,417.6000061035156
29398.0,8260001.0,419.29998779296875,575.2999877929688
29415.0,8270001.0,496.3999938964844,654.4000244140625
29440.0,8280001.0,288.3999938964844,432.8999938964844
29467.0,8290001.0,186.39999389648438,313.3999938964844
29493.0,8300001.0,300.29998779296875,452.29998779296875
29516.0,8310001.0,294.0,432.0
29541.0,8320001.0,294.5,431.5
29563.0,8330001.0,281.29998779296875,420.79998779296875
29588.0,8340001.0,292.3999938964844,445.8999938964844
29609.0,8350001.0,329.79998779296875,460.79998779296875
29631.0,8360001.0,316.5,463.0
29657.0,8370001.0,280.5,422.5
29682.0,8380001.0,258.70001220703125,390.70001220703125
29708.0,8390001.0,256.3999938964844,385.3999938964844
29732.0,8400001.0,234.3000030517578,379.79998779296875
29757.0,8410001.0,320.29998779296875,451.29998779296875
29787.0,8420001.0,233.39999389648438,371.3999938964844
29810.0,8430001.0,249.89999389648438,371.3999938964844
29836.0,8440001.0,249.6999969482422,389.70001220703125
29861.0,8450001.0,170.89999389648438,290.8999938964844
29887.0,8460001.0,242.1999969482422,372.70001220703125
29910.0,8470001.0,303.79998779296875,439.29998779296875
29935.0,8480001.0,227.6999969482422,354.70001220703125
29957.0,8490001.0,250.0,379.0
29983.0,8500001.0,304.6000061035156,446.6000061035156
30009.0,8510001.0,303.70001220703125,439.70001220703125
30033.0,8520001.0,246.60000610351562,386.6000061035156
30061.0,8530001.0,244.5,371.0
30091.0,8540001.0,215.39999389648438,349.3999938964844
30119.0,8550001.0,221.0,355.5
30147.0,8560001.0,210.10000610351562,333.1000061035156
30176.0,8570001.0,265.8999938964844,395.3999938964844
30204.0,8580001.0,256.5,387.5
30227.0,8590001.0,326.6000061035156,474.6000061035156
30254.0,8600001.0,213.1999969482422,348.20001220703125
30280.0,8610001.0,272.8999938964844,405.3999938964844
30308.0,8620001.0,241.3000030517578,359.29998779296875
30336.0,8630001.0,169.89999389648438,290.8999938964844
30360.0,8640001.0,319.3999938964844,460.8999938964844
30389.0,8650001.0,218.39999389648438,341.3999938964844
30415.0,8660001.0,295.20001220703125,422.20001220703125
30437.0,8670001.0,322.6000061035156,456.6000061035156
30459.0,8680001.0,339.20001220703125,497.20001220703125
30482.0,8690001.0,312.29998779296875,449.29998779296875
30509.0,8700001.0,224.89999389648438,342.8999938964844
30533.0,8710001.0,261.0,399.5
30555.0,8720001.0,350.6000061035156,499.6000061035156
30582.0,8730001.0,246.60000610351562,374.6000061035156
30606.0,8740001.0,293.79998779296875,419.79998779296875
30628.0,8750001.0,358.3999938964844,484.8999938964844
30652.0,8760001.0,342.29998779296875,487.29998779296875
30675.0,8770001.0,283.1000061035156,415.1000061035156
30698.0,8780001.0,230.6999969482422,349.70001220703125
30719.0,8790001.0,347.5,487.0
30740.0,8800001.0,336.79998779296875,473.29998779296875
30763.0,8810001.0,332.20001220703125,467.70001220703125
30782.0,8820001.0,425.79998779296875,566.7999877929688
30806.0,8830001.0,269.70001220703125,394.20001220703125
30825.0,8840001.0,387.6000061035156,531.0999755859375
30846.0,8850001.0,356.5,497.5
30872.0,8860001.0,320.70001220703125,457.70001220703125
30898.0,8870001.0,275.0,396.5
30920.0,8880001.0,341.79998779296875,484.79998779296875
30940.0,8890001.0,298.79998779296875,435.79998779296875
30962.0,8900001.0,317.1000061035156,447.6000061035156
30984.0,8910001.0,340.1000061035156,470.6000061035156
31008.0,8920001.0,214.0,344.0
31030.0,8930001.0,266.79998779296875,397.29998779296875
31054.0,8940001.0,285.79998779296875,413.29998779296875
31074.0,8950001.0,337.70001220703125,474.70001220703125
31095.0,8960001.0,348.29998779296875,489.79998779296875
31116.0,8970001.0,354.8999938964844,489.3999938964844
31140.0,8980001.0,211.1999969482422,326.70001220703125
31162.0,8990001.0,271.1000061035156,398.1000061035156
31188.0,9000001.0,216.0,335.0
31211.0,9010001.0,286.3999938964844,413.8999938964844
31235.0,9020001.0,276.29998779296875,392.79998779296875
31255.0,9030001.0,362.5,494.0
31281.0,9040001.0,309.20001220703125,438.20001220703125
31301.0,9050001.0,352.0,498.5
31325.0,9060001.0,261.6000061035156,393.6000061035156
31348.0,9070001.0,257.29998779296875,389.29998779296875
31369.0,9080001.0,359.79998779296875,494.79998779296875
31390.0,9090001.0,328.3999938964844,470.3999938964844
31411.0,9100001.0,359.1000061035156,495.6000061035156
31436.0,9110001.0,294.5,417.5
31460.0,9120001.0,270.8999938964844,407.8999938964844
31486.0,9130001.0,338.0,476.0
31510.0,9140001.0,304.70001220703125,428.20001220703125
31529.0,9150001.0,459.3999938964844,592.9000244140625
31553.0,9160001.0,319.1000061035156,451.6000061035156
31576.0,9170001.0,312.79998779296875,443.79998779296875
31595.0,9180001.0,429.5,569.0
31618.0,9190001.0,333.79998779296875,473.79998779296875
31639.0,9200001.0,274.0,398.5
31660.0,9210001.0,381.6000061035156,537.5999755859375
31681.0,9220001.0,331.5,476.5
31702.0,9230001.0,328.0,454.5
31724.0,9240001.0,350.6000061035156,491.1000061035156
31746.0,9250001.0,339.5,471.5
31767.0,9260001.0,309.1000061035156,436.6000061035156
31791.0,9270001.0,274.29998779296875,400.29998779296875
31814.0,9280001.0,319.1000061035156,450.1000061035156
31836.0,9290001.0,308.79998779296875,437.29998779296875
31861.0,9300001.0,233.8000030517578,356.79998779296875
31882.0,9310001.0,399.20001220703125,551.2000122070312
31904.0,9320001.0,272.79998779296875,407.79998779296875
31926.0,9330001.0,300.3999938964844,436.3999938964844
31948.0,9340001.0,317.70001220703125,447.20001220703125
31968.0,9350001.0,345.6000061035156,488.6000061035156
31989.0,9360001.0,382.3999938964844,515.4000244140625
32008.0,9370001.0,344.6000061035156,483.6000061035156
32028.0,9380001.0,297.79998779296875,433.29998779296875
32050.0,9390001.0,337.79998779296875,486.29998779296875
32070.0,9400001.0,319.20001220703125,453.20001220703125
32092.0,9410001.0,308.29998779296875,440.29998779296875
32112.0,9420001.0,375.20001220703125,518.7000122070312
32133.0,9430001.0,332.20001220703125,480.20001220703125
32153.0,9440001.0,293.3999938964844,425.8999938964844
32174.0,9450001.0,374.6000061035156,509.6000061035156
32196.0,9460001.0,293.0,434.0
32216.0,9470001.0,374.1000061035156,513.0999755859375
32239.0,9480001.0,348.3999938964844,476.8999938964844
32260.0,9490001.0,352.3999938964844,496.3999938964844
32282.0,9500001.0,295.3999938964844,427.8999938964844
32306.0,9510001.0,252.39999389648438,381.8999938964844
32327.0,9520001.0,309.20001220703125,442.70001220703125
32354.0,9530001.0,256.29998779296875,390.79998779296875
32377.0,9540001.0,337.8999938964844,481.3999938964844
32400.0,9550001.0,313.6000061035156,441.1000061035156
32426.0,9560001.0,207.6999969482422,326.70001220703125
32452.0,9570001.0,218.8000030517578,338.29998779296875
32471.0,9580001.0,404.3999938964844,554.4000244140625
32493.0,9590001.0,335.20001220703125,471.20001220703125
32517.0,9600001.0,328.20001220703125,459.20001220703125
32539.0,9610001.0,259.8999938964844,386.3999938964844
32559.0,9620001.0,365.29998779296875,497.79998779296875
32578.0,9630001.0,393.1000061035156,549.0999755859375
32602.0,9640001.0,364.0,507.0
32624.0,9650001.0,280.8999938964844,407.3999938964844
32645.0,9660001.0,362.6000061035156,521.0999755859375
32667.0,9670001.0,290.1000061035156,417.1000061035156
32687.0,9680001.0,391.0,529.5
32712.0,9690001.0,250.5,379.5
32739.0,9700001.0,285.29998779296875,421.29998779296875
32759.0,9710001.0,360.8999938964844,497.8999938964844
32782.0,9720001.0,232.5,356.0
32808.0,9730001.0,268.79998779296875,395.29998779296875
32831.0,9740001.0,323.20001220703125,455.70001220703125
32851.0,9750001.0,374.8999938964844,509.3999938964844
32873.0,9760001.0,331.5,467.5
32897.0,9770001.0,297.3999938964844,425.8999938964844
32923.0,9780001.0,265.5,393.0
32945.0,9790001.0,299.20001220703125,422.70001220703125
32971.0,9800001.0,229.1999969482422,350.70001220703125
32995.0,9810001.0,334.5,473.0
33016.0,9820001.0,382.6000061035156,529.5999755859375
33039.0,9830001.0,297.6000061035156,426.1000061035156
33062.0,9840001.0,368.5,514.0
33084.0,9850001.0,355.29998779296875,499.29998779296875
33105.0,9860001.0,298.79998779296875,427.29998779296875
33130.0,9870001.0,219.5,347.0
33153.0,9880001.0,303.20001220703125,435.20001220703125
33178.0,9890001.0,336.5,473.0
33202.0,9900001.0,276.1000061035156,418.1000061035156
33228.0,9910001.0,253.8000030517578,379.29998779296875
33249.0,9920001.0,321.70001220703125,450.20001220703125
33269.0,9930001.0,334.70001220703125,460.70001220703125
33288.0,9940001.0,381.8999938964844,513.4000244140625
33309.0,9950001.0,303.0,428.0
33332.0,9960001.0,325.8999938964844,464.3999938964844
33355.0,9970001.0,224.89999389648438,344.3999938964844
33374.0,9980001.0,415.29998779296875,547.2999877929688
33394.0,9990001.0,383.29998779296875,530.2999877929688
