N_Ep,Env_Steps,Avf_RM,Avg_EPLM
0.0,1.0,0.0,0.0
68.0,10001.0,-173.1999969482422,129.3000030517578
133.0,20001.0,-159.1999969482422,227.8000030517578
195.0,30001.0,-74.30000305175781,185.6999969482422
255.0,40001.0,6.699999809265137,177.1999969482422
310.0,50001.0,67.19999694824219,183.1999969482422
366.0,60001.0,97.0,206.5
427.0,70001.0,38.20000076293945,142.1999969482422
477.0,80001.0,73.5,177.5
531.0,90001.0,53.0,159.0
584.0,100001.0,36.79999923706055,140.8000030517578
648.0,110001.0,22.600000381469727,128.60000610351562
702.0,120001.0,29.600000381469727,133.60000610351562
764.0,130001.0,47.20000076293945,152.6999969482422
818.0,140001.0,66.19999694824219,169.6999969482422
876.0,150001.0,59.099998474121094,161.60000610351562
954.0,160001.0,44.20000076293945,148.1999969482422
1014.0,170001.0,61.599998474121094,169.60000610351562
1072.0,180001.0,28.100000381469727,131.60000610351562
1150.0,190001.0,49.20000076293945,154.1999969482422
1215.0,200001.0,33.0,137.5
1277.0,210001.0,39.400001525878906,145.39999389648438
1349.0,220001.0,31.200000762939453,137.6999969482422
1408.0,230001.0,126.5,247.5
1476.0,240001.0,68.0999984741211,172.10000610351562
1533.0,250001.0,66.0999984741211,172.60000610351562
1591.0,260001.0,80.5,184.5
1655.0,270001.0,43.20000076293945,149.1999969482422
1724.0,280001.0,9.5,113.0
1782.0,290001.0,80.80000305175781,200.8000030517578
1845.0,300001.0,51.099998474121094,160.10000610351562
1909.0,310001.0,115.0,229.0
1976.0,320001.0,26.899999618530273,132.39999389648438
2044.0,330001.0,16.899999618530273,119.9000015258789
2108.0,340001.0,38.79999923706055,144.8000030517578
2170.0,350001.0,87.19999694824219,198.6999969482422
2238.0,360001.0,24.100000381469727,128.60000610351562
2303.0,370001.0,83.9000015258789,200.89999389648438
2373.0,380001.0,11.5,115.5
2439.0,390001.0,142.89999389648438,261.3999938964844
2490.0,400001.0,19.700000762939453,124.69999694824219
2568.0,410001.0,28.700000762939453,134.1999969482422
2639.0,420001.0,26.299999237060547,137.3000030517578
2711.0,430001.0,18.899999618530273,122.4000015258789
2775.0,440001.0,34.20000076293945,142.6999969482422
2852.0,450001.0,7.900000095367432,111.9000015258789
2918.0,460001.0,36.5,149.5
2996.0,470001.0,23.0,128.5
3065.0,480001.0,21.200000762939453,125.69999694824219
3129.0,490001.0,56.20000076293945,173.1999969482422
3194.0,500001.0,70.30000305175781,175.3000030517578
3272.0,510001.0,12.800000190734863,117.30000305175781
3348.0,520001.0,37.400001525878906,149.89999389648438
3420.0,530001.0,37.400001525878906,142.89999389648438
3494.0,540001.0,17.600000381469727,120.5999984741211
3567.0,550001.0,11.199999809265137,116.69999694824219
3642.0,560001.0,10.0,116.5
3699.0,570001.0,36.900001525878906,144.39999389648438
3775.0,580001.0,11.399999618530273,117.9000015258789
3839.0,590001.0,26.100000381469727,133.10000610351562
3905.0,600001.0,23.700000762939453,130.1999969482422
3971.0,610001.0,45.099998474121094,153.10000610351562
4038.0,620001.0,58.70000076293945,165.1999969482422
4095.0,630001.0,87.80000305175781,201.3000030517578
4157.0,640001.0,68.80000305175781,181.8000030517578
4218.0,650001.0,31.799999237060547,140.3000030517578
4279.0,660001.0,37.79999923706055,145.8000030517578
4341.0,670001.0,54.5,166.5
4416.0,680001.0,25.799999237060547,135.3000030517578
4493.0,690001.0,34.29999923706055,142.3000030517578
4563.0,700001.0,28.0,145.0
4617.0,710001.0,31.5,149.5
4681.0,720001.0,69.5,175.0
4743.0,730001.0,59.900001525878906,173.89999389648438
4806.0,740001.0,51.599998474121094,158.60000610351562
4865.0,750001.0,68.5999984741211,181.10000610351562
4939.0,760001.0,57.599998474121094,170.60000610351562
5010.0,770001.0,51.900001525878906,158.39999389648438
5075.0,780001.0,35.20000076293945,140.1999969482422
5149.0,790001.0,21.100000381469727,127.0999984741211
5213.0,800001.0,52.20000076293945,168.1999969482422
5272.0,810001.0,74.0999984741211,185.60000610351562
5332.0,820001.0,42.79999923706055,148.3000030517578
5394.0,830001.0,59.20000076293945,173.1999969482422
5455.0,840001.0,19.799999237060547,124.30000305175781
5536.0,850001.0,7.599999904632568,114.5999984741211
5603.0,860001.0,27.5,131.0
5670.0,870001.0,15.5,121.0
5741.0,880001.0,18.899999618530273,120.9000015258789
5802.0,890001.0,94.0999984741211,205.10000610351562
5869.0,900001.0,86.5,212.0
5929.0,910001.0,32.900001525878906,144.39999389648438
5984.0,920001.0,30.399999618530273,140.89999389648438
6032.0,930001.0,96.0,225.5
6081.0,940001.0,60.900001525878906,183.89999389648438
6142.0,950001.0,20.299999237060547,129.8000030517578
6213.0,960001.0,15.5,124.0
6288.0,970001.0,51.70000076293945,158.1999969482422
6364.0,980001.0,24.600000381469727,133.10000610351562
6423.0,990001.0,48.0,159.5
6472.0,1000001.0,97.80000305175781,208.3000030517578
6535.0,1010001.0,38.70000076293945,147.6999969482422
6595.0,1020001.0,19.5,138.5
6663.0,1030001.0,73.4000015258789,207.39999389648438
6725.0,1040001.0,75.5999984741211,201.10000610351562
6782.0,1050001.0,20.700000762939453,126.19999694824219
6838.0,1060001.0,100.69999694824219,215.1999969482422
6883.0,1070001.0,74.4000015258789,184.39999389648438
6941.0,1080001.0,59.900001525878906,168.89999389648438
7003.0,1090001.0,20.700000762939453,124.19999694824219
7053.0,1100001.0,96.4000015258789,220.89999389648438
7104.0,1110001.0,49.79999923706055,166.8000030517578
7166.0,1120001.0,50.29999923706055,157.8000030517578
7219.0,1130001.0,20.200000762939453,129.1999969482422
7275.0,1140001.0,76.69999694824219,195.6999969482422
7326.0,1150001.0,85.80000305175781,208.3000030517578
7373.0,1160001.0,147.10000610351562,273.1000061035156
7427.0,1170001.0,71.9000015258789,176.89999389648438
7499.0,1180001.0,50.29999923706055,171.8000030517578
7580.0,1190001.0,23.399999618530273,130.39999389648438
7650.0,1200001.0,30.200000762939453,137.1999969482422
7712.0,1210001.0,91.9000015258789,210.39999389648438
7756.0,1220001.0,161.5,275.0
7806.0,1230001.0,18.799999237060547,127.80000305175781
7846.0,1240001.0,143.1999969482422,262.70001220703125
7900.0,1250001.0,59.400001525878906,167.39999389648438
7950.0,1260001.0,72.9000015258789,182.39999389648438
8004.0,1270001.0,77.19999694824219,203.1999969482422
8071.0,1280001.0,37.20000076293945,139.6999969482422
8127.0,1290001.0,109.19999694824219,235.1999969482422
8182.0,1300001.0,58.70000076293945,166.6999969482422
8242.0,1310001.0,39.099998474121094,146.10000610351562
8296.0,1320001.0,73.0999984741211,184.60000610351562
8348.0,1330001.0,22.600000381469727,137.10000610351562
8403.0,1340001.0,71.4000015258789,176.39999389648438
8450.0,1350001.0,141.1999969482422,267.20001220703125
8529.0,1360001.0,9.899999618530273,112.9000015258789
8596.0,1370001.0,44.20000076293945,152.1999969482422
8642.0,1380001.0,68.80000305175781,179.8000030517578
8696.0,1390001.0,34.20000076293945,144.6999969482422
8743.0,1400001.0,116.9000015258789,229.89999389648438
8793.0,1410001.0,104.9000015258789,224.89999389648438
8835.0,1420001.0,101.19999694824219,220.6999969482422
8890.0,1430001.0,20.600000381469727,128.10000610351562
8957.0,1440001.0,27.799999237060547,141.8000030517578
9000.0,1450001.0,59.599998474121094,174.10000610351562
9054.0,1460001.0,76.69999694824219,195.6999969482422
9100.0,1470001.0,70.0,196.5
9147.0,1480001.0,51.400001525878906,179.39999389648438
9204.0,1490001.0,65.5999984741211,185.60000610351562
9247.0,1500001.0,65.0,183.5
9297.0,1510001.0,50.70000076293945,166.6999969482422
9346.0,1520001.0,105.0999984741211,228.60000610351562
9391.0,1530001.0,112.5,267.5
9439.0,1540001.0,90.5,233.0
9496.0,1550001.0,50.79999923706055,174.8000030517578
9539.0,1560001.0,112.9000015258789,266.3999938964844
9580.0,1570001.0,81.5999984741211,220.10000610351562
9627.0,1580001.0,65.9000015258789,194.39999389648438
9674.0,1590001.0,52.900001525878906,170.89999389648438
9716.0,1600001.0,96.4000015258789,215.39999389648438
9768.0,1610001.0,58.5,190.0
9815.0,1620001.0,29.899999618530273,140.39999389648438
9861.0,1630001.0,76.19999694824219,195.1999969482422
9906.0,1640001.0,104.4000015258789,223.39999389648438
9947.0,1650001.0,89.9000015258789,208.39999389648438
9986.0,1660001.0,139.39999389648438,282.8999938964844
10022.0,1670001.0,166.39999389648438,302.8999938964844
10065.0,1680001.0,101.30000305175781,222.8000030517578
10110.0,1690001.0,144.1999969482422,274.20001220703125
10154.0,1700001.0,111.4000015258789,246.89999389648438
10198.0,1710001.0,85.0,213.5
10244.0,1720001.0,70.0999984741211,197.10000610351562
10283.0,1730001.0,105.4000015258789,237.89999389648438
10318.0,1740001.0,101.80000305175781,236.8000030517578
10356.0,1750001.0,134.10000610351562,275.1000061035156
10396.0,1760001.0,71.0999984741211,205.60000610351562
10435.0,1770001.0,97.9000015258789,226.39999389648438
10477.0,1780001.0,150.8000030517578,293.29998779296875
10518.0,1790001.0,110.0,256.0
10558.0,1800001.0,162.8000030517578,299.29998779296875
10599.0,1810001.0,92.19999694824219,229.6999969482422
10639.0,1820001.0,118.19999694824219,269.20001220703125
10680.0,1830001.0,93.0,231.0
10720.0,1840001.0,108.0999984741211,253.10000610351562
10761.0,1850001.0,103.5,243.5
10805.0,1860001.0,136.0,269.5
10844.0,1870001.0,81.0,219.5
10883.0,1880001.0,80.80000305175781,210.3000030517578
10925.0,1890001.0,100.9000015258789,241.89999389648438
10961.0,1900001.0,79.5999984741211,216.10000610351562
11002.0,1910001.0,106.4000015258789,243.89999389648438
11045.0,1920001.0,107.9000015258789,240.89999389648438
11089.0,1930001.0,122.80000305175781,262.79998779296875
11129.0,1940001.0,112.9000015258789,247.89999389648438
11172.0,1950001.0,67.9000015258789,211.89999389648438
11218.0,1960001.0,37.5,175.0
11264.0,1970001.0,65.4000015258789,213.89999389648438
11307.0,1980001.0,47.400001525878906,174.39999389648438
11345.0,1990001.0,132.39999389648438,279.8999938964844
11386.0,2000001.0,104.5,245.5
11423.0,2010001.0,60.29999923706055,231.8000030517578
11463.0,2020001.0,120.5999984741211,269.6000061035156
11501.0,2030001.0,84.0,228.0
11541.0,2040001.0,47.20000076293945,235.6999969482422
11580.0,2050001.0,100.5999984741211,260.6000061035156
11621.0,2060001.0,67.69999694824219,223.1999969482422
11659.0,2070001.0,135.6999969482422,312.70001220703125
11696.0,2080001.0,120.0999984741211,276.6000061035156
11738.0,2090001.0,53.099998474121094,227.10000610351562
11777.0,2100001.0,84.9000015258789,260.3999938964844
11811.0,2110001.0,108.5,268.5
11850.0,2120001.0,123.80000305175781,258.79998779296875
11888.0,2130001.0,137.10000610351562,326.1000061035156
11928.0,2140001.0,80.80000305175781,249.8000030517578
11970.0,2150001.0,89.19999694824219,238.1999969482422
12011.0,2160001.0,72.9000015258789,225.39999389648438
12045.0,2170001.0,89.0,246.0
12079.0,2180001.0,151.10000610351562,334.1000061035156
12112.0,2190001.0,145.6999969482422,315.20001220703125
12146.0,2200001.0,110.80000305175781,263.29998779296875
12183.0,2210001.0,105.19999694824219,262.70001220703125
12223.0,2220001.0,172.8000030517578,335.29998779296875
12260.0,2230001.0,118.69999694824219,290.70001220703125
12289.0,2240001.0,152.6999969482422,310.20001220703125
12324.0,2250001.0,143.3000030517578,299.79998779296875
12361.0,2260001.0,137.3000030517578,298.79998779296875
12403.0,2270001.0,99.0999984741211,272.1000061035156
12439.0,2280001.0,111.30000305175781,258.29998779296875
12476.0,2290001.0,134.3000030517578,309.29998779296875
12510.0,2300001.0,136.8000030517578,303.79998779296875
12548.0,2310001.0,90.69999694824219,226.6999969482422
12582.0,2320001.0,128.1999969482422,284.20001220703125
12624.0,2330001.0,86.69999694824219,226.6999969482422
12663.0,2340001.0,112.0,261.5
12701.0,2350001.0,140.5,289.0
12732.0,2360001.0,183.3000030517578,340.29998779296875
12759.0,2370001.0,168.8000030517578,322.29998779296875
12794.0,2380001.0,112.5,245.0
12829.0,2390001.0,153.1999969482422,304.20001220703125
12861.0,2400001.0,182.5,340.0
12893.0,2410001.0,123.0,272.0
12929.0,2420001.0,195.6999969482422,346.20001220703125
12964.0,2430001.0,159.39999389648438,313.3999938964844
12999.0,2440001.0,140.3000030517578,288.79998779296875
13034.0,2450001.0,61.099998474121094,213.60000610351562
13066.0,2460001.0,139.0,293.0
13099.0,2470001.0,173.60000610351562,355.6000061035156
13134.0,2480001.0,92.9000015258789,238.39999389648438
13170.0,2490001.0,125.0999984741211,270.1000061035156
13212.0,2500001.0,72.19999694824219,209.1999969482422
13250.0,2510001.0,97.80000305175781,267.29998779296875
13287.0,2520001.0,124.9000015258789,272.8999938964844
13324.0,2530001.0,101.80000305175781,256.29998779296875
13360.0,2540001.0,83.80000305175781,230.3000030517578
13394.0,2550001.0,152.10000610351562,309.1000061035156
13424.0,2560001.0,237.89999389648438,409.3999938964844
13455.0,2570001.0,179.89999389648438,342.8999938964844
13486.0,2580001.0,202.6999969482422,364.20001220703125
13514.0,2590001.0,169.5,330.0
13550.0,2600001.0,124.19999694824219,263.70001220703125
13583.0,2610001.0,124.4000015258789,261.8999938964844
13617.0,2620001.0,129.6999969482422,277.70001220703125
13650.0,2630001.0,128.5,284.0
13682.0,2640001.0,149.5,299.5
13715.0,2650001.0,90.80000305175781,230.3000030517578
13746.0,2660001.0,139.0,301.0
13784.0,2670001.0,90.30000305175781,230.8000030517578
13820.0,2680001.0,141.1999969482422,286.20001220703125
13854.0,2690001.0,103.80000305175781,265.79998779296875
13891.0,2700001.0,120.5,287.0
13919.0,2710001.0,182.89999389648438,350.8999938964844
13949.0,2720001.0,200.6999969482422,351.70001220703125
13976.0,2730001.0,228.3000030517578,393.79998779296875
14006.0,2740001.0,171.0,327.0
14037.0,2750001.0,184.89999389648438,339.3999938964844
14068.0,2760001.0,196.1999969482422,353.20001220703125
14097.0,2770001.0,119.9000015258789,269.3999938964844
14127.0,2780001.0,91.19999694824219,247.6999969482422
14157.0,2790001.0,157.6999969482422,312.20001220703125
14189.0,2800001.0,104.5,264.5
14222.0,2810001.0,242.5,422.5
14257.0,2820001.0,92.5,236.5
14290.0,2830001.0,143.8000030517578,310.79998779296875
14326.0,2840001.0,145.89999389648438,289.8999938964844
14357.0,2850001.0,162.0,306.5
14391.0,2860001.0,134.3000030517578,280.79998779296875
14424.0,2870001.0,148.5,297.5
14456.0,2880001.0,185.39999389648438,359.3999938964844
14495.0,2890001.0,87.5999984741211,229.60000610351562
14528.0,2900001.0,180.0,338.0
14564.0,2910001.0,127.4000015258789,285.8999938964844
14593.0,2920001.0,147.3000030517578,310.29998779296875
14622.0,2930001.0,139.10000610351562,290.6000061035156
14654.0,2940001.0,99.19999694824219,256.70001220703125
14689.0,2950001.0,123.69999694824219,263.70001220703125
14719.0,2960001.0,204.0,347.0
14751.0,2970001.0,122.5999984741211,273.1000061035156
14787.0,2980001.0,171.6999969482422,321.70001220703125
14821.0,2990001.0,113.69999694824219,258.20001220703125
14850.0,3000001.0,214.6999969482422,371.70001220703125
14885.0,3010001.0,158.3000030517578,312.79998779296875
14916.0,3020001.0,151.3000030517578,317.29998779296875
14948.0,3030001.0,186.8000030517578,343.29998779296875
14981.0,3040001.0,98.80000305175781,244.3000030517578
15014.0,3050001.0,170.8000030517578,331.29998779296875
15043.0,3060001.0,211.8000030517578,373.29998779296875
15073.0,3070001.0,161.39999389648438,306.8999938964844
15101.0,3080001.0,202.3000030517578,368.29998779296875
15135.0,3090001.0,181.60000610351562,336.1000061035156
15163.0,3100001.0,173.3000030517578,329.79998779296875
15194.0,3110001.0,186.5,340.0
15220.0,3120001.0,192.39999389648438,336.3999938964844
15255.0,3130001.0,84.80000305175781,218.8000030517578
15287.0,3140001.0,185.6999969482422,343.20001220703125
15315.0,3150001.0,195.5,353.5
15342.0,3160001.0,210.1999969482422,361.20001220703125
15368.0,3170001.0,214.0,374.5
15398.0,3180001.0,156.6999969482422,306.20001220703125
15430.0,3190001.0,182.10000610351562,327.1000061035156
15462.0,3200001.0,200.6999969482422,364.20001220703125
15489.0,3210001.0,189.3000030517578,348.79998779296875
15519.0,3220001.0,208.39999389648438,355.3999938964844
15545.0,3230001.0,222.8000030517578,386.29998779296875
15577.0,3240001.0,118.0999984741211,251.60000610351562
15603.0,3250001.0,267.8999938964844,425.3999938964844
15629.0,3260001.0,218.8000030517578,379.79998779296875
15654.0,3270001.0,232.0,381.5
15682.0,3280001.0,210.10000610351562,351.6000061035156
15715.0,3290001.0,184.60000610351562,334.6000061035156
15738.0,3300001.0,260.29998779296875,423.79998779296875
15766.0,3310001.0,212.0,375.0
15795.0,3320001.0,188.0,343.0
15822.0,3330001.0,244.89999389648438,403.8999938964844
15848.0,3340001.0,228.3000030517578,401.79998779296875
15877.0,3350001.0,155.10000610351562,290.6000061035156
15906.0,3360001.0,204.5,364.0
15934.0,3370001.0,227.1999969482422,383.70001220703125
15963.0,3380001.0,227.89999389648438,380.8999938964844
15990.0,3390001.0,183.1999969482422,340.70001220703125
16018.0,3400001.0,213.10000610351562,360.6000061035156
16046.0,3410001.0,213.6999969482422,364.20001220703125
16074.0,3420001.0,246.39999389648438,407.3999938964844
16101.0,3430001.0,249.5,400.5
16127.0,3440001.0,215.39999389648438,364.3999938964844
16151.0,3450001.0,287.3999938964844,434.8999938964844
16179.0,3460001.0,179.6999969482422,316.20001220703125
16204.0,3470001.0,218.6999969482422,363.70001220703125
16232.0,3480001.0,266.0,446.0
16258.0,3490001.0,221.89999389648438,379.3999938964844
16287.0,3500001.0,172.8000030517578,305.79998779296875
16316.0,3510001.0,209.89999389648438,361.3999938964844
16344.0,3520001.0,156.89999389648438,297.8999938964844
16368.0,3530001.0,282.3999938964844,442.3999938964844
16399.0,3540001.0,183.0,316.5
16423.0,3550001.0,260.6000061035156,427.1000061035156
16451.0,3560001.0,173.89999389648438,318.3999938964844
16478.0,3570001.0,202.6999969482422,339.70001220703125
16503.0,3580001.0,221.1999969482422,378.20001220703125
16530.0,3590001.0,192.39999389648438,324.3999938964844
16559.0,3600001.0,182.8000030517578,321.79998779296875
16584.0,3610001.0,222.89999389648438,362.8999938964844
16615.0,3620001.0,209.10000610351562,359.6000061035156
16642.0,3630001.0,228.1999969482422,378.20001220703125
16669.0,3640001.0,239.5,395.5
16699.0,3650001.0,197.5,333.0
16724.0,3660001.0,228.89999389648438,379.8999938964844
16753.0,3670001.0,201.60000610351562,341.1000061035156
16781.0,3680001.0,280.70001220703125,432.20001220703125
16806.0,3690001.0,321.8999938964844,472.8999938964844
16834.0,3700001.0,211.89999389648438,369.8999938964844
16858.0,3710001.0,253.6999969482422,403.20001220703125
16883.0,3720001.0,253.5,407.0
16908.0,3730001.0,285.8999938964844,454.3999938964844
16933.0,3740001.0,191.8000030517578,331.29998779296875
16959.0,3750001.0,278.6000061035156,450.1000061035156
16985.0,3760001.0,238.0,394.0
17008.0,3770001.0,274.6000061035156,443.1000061035156
17030.0,3780001.0,283.1000061035156,436.6000061035156
17055.0,3790001.0,190.8000030517578,324.79998779296875
17083.0,3800001.0,199.5,344.5
17108.0,3810001.0,255.3000030517578,401.79998779296875
17135.0,3820001.0,223.60000610351562,366.6000061035156
17161.0,3830001.0,274.29998779296875,416.29998779296875
17185.0,3840001.0,208.60000610351562,344.1000061035156
17210.0,3850001.0,249.5,384.5
17233.0,3860001.0,218.89999389648438,362.8999938964844
17263.0,3870001.0,133.6999969482422,272.70001220703125
17288.0,3880001.0,267.3999938964844,428.8999938964844
17312.0,3890001.0,270.8999938964844,422.3999938964844
17336.0,3900001.0,300.70001220703125,453.20001220703125
17360.0,3910001.0,218.0,363.0
17386.0,3920001.0,226.5,370.5
17407.0,3930001.0,365.3999938964844,522.9000244140625
17432.0,3940001.0,265.6000061035156,405.1000061035156
17459.0,3950001.0,237.8000030517578,386.29998779296875
17483.0,3960001.0,267.29998779296875,423.79998779296875
17507.0,3970001.0,228.0,394.5
17531.0,3980001.0,268.79998779296875,416.79998779296875
17553.0,3990001.0,216.6999969482422,374.20001220703125
17581.0,4000001.0,238.3000030517578,390.29998779296875
17606.0,4010001.0,281.20001220703125,430.70001220703125
17627.0,4020001.0,339.79998779296875,504.79998779296875
17655.0,4030001.0,200.3000030517578,356.29998779296875
17681.0,4040001.0,204.89999389648438,338.3999938964844
17702.0,4050001.0,305.0,475.0
17725.0,4060001.0,258.3999938964844,420.3999938964844
17750.0,4070001.0,294.79998779296875,459.79998779296875
17772.0,4080001.0,289.29998779296875,437.29998779296875
17798.0,4090001.0,248.60000610351562,394.6000061035156
17820.0,4100001.0,272.20001220703125,417.70001220703125
17846.0,4110001.0,217.39999389648438,364.8999938964844
17870.0,4120001.0,274.6000061035156,423.6000061035156
17893.0,4130001.0,322.70001220703125,481.20001220703125
17916.0,4140001.0,244.3000030517578,385.79998779296875
17940.0,4150001.0,267.6000061035156,437.1000061035156
17966.0,4160001.0,241.0,390.5
17992.0,4170001.0,240.5,391.0
18014.0,4180001.0,274.1000061035156,427.1000061035156
18041.0,4190001.0,252.60000610351562,391.6000061035156
18066.0,4200001.0,234.60000610351562,374.6000061035156
18092.0,4210001.0,223.60000610351562,353.6000061035156
18117.0,4220001.0,222.3000030517578,370.29998779296875
18141.0,4230001.0,240.39999389648438,393.8999938964844
18164.0,4240001.0,246.39999389648438,400.3999938964844
18188.0,4250001.0,197.3000030517578,335.79998779296875
18211.0,4260001.0,237.8000030517578,381.29998779296875
18237.0,4270001.0,270.6000061035156,411.1000061035156
18260.0,4280001.0,305.3999938964844,456.8999938964844
18286.0,4290001.0,170.89999389648438,308.8999938964844
18311.0,4300001.0,248.1999969482422,388.20001220703125
18338.0,4310001.0,220.60000610351562,371.6000061035156
18363.0,4320001.0,279.79998779296875,436.79998779296875
18388.0,4330001.0,229.5,371.5
18414.0,4340001.0,239.6999969482422,378.20001220703125
18444.0,4350001.0,173.10000610351562,303.6000061035156
18470.0,4360001.0,254.10000610351562,390.1000061035156
18495.0,4370001.0,324.0,468.0
18521.0,4380001.0,315.70001220703125,466.70001220703125
18545.0,4390001.0,240.10000610351562,375.1000061035156
18571.0,4400001.0,248.1999969482422,381.70001220703125
18597.0,4410001.0,221.3000030517578,364.79998779296875
18622.0,4420001.0,216.0,368.5
18649.0,4430001.0,219.1999969482422,343.20001220703125
18669.0,4440001.0,268.29998779296875,419.79998779296875
18691.0,4450001.0,336.29998779296875,484.79998779296875
18712.0,4460001.0,355.0,498.5
18733.0,4470001.0,350.20001220703125,511.70001220703125
18755.0,4480001.0,274.20001220703125,415.70001220703125
18776.0,4490001.0,308.70001220703125,451.20001220703125
18798.0,4500001.0,320.5,467.0
18821.0,4510001.0,284.1000061035156,428.1000061035156
18842.0,4520001.0,350.20001220703125,496.20001220703125
18866.0,4530001.0,305.6000061035156,452.6000061035156
18886.0,4540001.0,364.8999938964844,524.4000244140625
18909.0,4550001.0,290.79998779296875,437.79998779296875
18933.0,4560001.0,262.8999938964844,395.3999938964844
18957.0,4570001.0,290.8999938964844,436.3999938964844
18980.0,4580001.0,260.70001220703125,397.70001220703125
19003.0,4590001.0,303.8999938964844,458.3999938964844
19028.0,4600001.0,188.6999969482422,316.20001220703125
19051.0,4610001.0,231.0,369.5
19075.0,4620001.0,278.79998779296875,422.79998779296875
19094.0,4630001.0,442.29998779296875,600.7999877929688
19119.0,4640001.0,194.39999389648438,323.8999938964844
19140.0,4650001.0,383.0,543.5
19162.0,4660001.0,294.70001220703125,440.20001220703125
19181.0,4670001.0,368.29998779296875,531.2999877929688
19206.0,4680001.0,208.6999969482422,346.20001220703125
19228.0,4690001.0,304.6000061035156,442.1000061035156
19254.0,4700001.0,226.3000030517578,356.29998779296875
19276.0,4710001.0,315.79998779296875,457.79998779296875
19298.0,4720001.0,317.8999938964844,465.8999938964844
19322.0,4730001.0,266.29998779296875,414.29998779296875
19346.0,4740001.0,274.79998779296875,414.29998779296875
19372.0,4750001.0,247.6999969482422,383.20001220703125
19395.0,4760001.0,314.70001220703125,452.70001220703125
19418.0,4770001.0,296.5,441.0
19441.0,4780001.0,289.6000061035156,438.6000061035156
19462.0,4790001.0,321.5,457.5
19485.0,4800001.0,297.79998779296875,444.29998779296875
19507.0,4810001.0,347.1000061035156,485.1000061035156
19529.0,4820001.0,294.5,441.0
19551.0,4830001.0,342.70001220703125,490.20001220703125
19571.0,4840001.0,370.0,522.5
19594.0,4850001.0,289.70001220703125,425.20001220703125
19614.0,4860001.0,348.70001220703125,482.20001220703125
19638.0,4870001.0,315.3999938964844,454.8999938964844
19660.0,4880001.0,352.0,499.5
19681.0,4890001.0,302.70001220703125,440.70001220703125
19705.0,4900001.0,258.1000061035156,400.1000061035156
19725.0,4910001.0,283.70001220703125,425.20001220703125
19748.0,4920001.0,299.1000061035156,444.6000061035156
19768.0,4930001.0,323.1000061035156,473.6000061035156
19790.0,4940001.0,327.3999938964844,472.3999938964844
19810.0,4950001.0,373.79998779296875,519.7999877929688
19832.0,4960001.0,359.8999938964844,492.8999938964844
19854.0,4970001.0,257.5,401.0
19873.0,4980001.0,387.3999938964844,535.4000244140625
19894.0,4990001.0,333.1000061035156,482.1000061035156
19917.0,5000001.0,246.60000610351562,374.6000061035156
19936.0,5010001.0,422.70001220703125,604.2000122070312
19958.0,5020001.0,284.3999938964844,431.8999938964844
19979.0,5030001.0,333.20001220703125,484.70001220703125
20003.0,5040001.0,274.0,403.5
20026.0,5050001.0,269.8999938964844,406.3999938964844
20048.0,5060001.0,290.0,435.5
20071.0,5070001.0,330.8999938964844,467.3999938964844
20093.0,5080001.0,333.29998779296875,476.29998779296875
20115.0,5090001.0,236.10000610351562,371.1000061035156
20137.0,5100001.0,323.5,465.0
20164.0,5110001.0,176.60000610351562,308.6000061035156
20190.0,5120001.0,218.6999969482422,365.70001220703125
20214.0,5130001.0,288.8999938964844,441.3999938964844
20236.0,5140001.0,324.20001220703125,463.70001220703125
20258.0,5150001.0,299.8999938964844,447.8999938964844
20287.0,5160001.0,221.5,354.0
20310.0,5170001.0,303.20001220703125,441.20001220703125
20335.0,5180001.0,250.5,387.0
20354.0,5190001.0,352.3999938964844,498.3999938964844
20376.0,5200001.0,334.3999938964844,489.8999938964844
20400.0,5210001.0,321.20001220703125,456.70001220703125
20422.0,5220001.0,332.20001220703125,469.20001220703125
20444.0,5230001.0,358.70001220703125,498.20001220703125
20464.0,5240001.0,353.3999938964844,496.8999938964844
20487.0,5250001.0,284.20001220703125,444.70001220703125
20512.0,5260001.0,237.0,371.0
20533.0,5270001.0,389.3999938964844,536.4000244140625
20554.0,5280001.0,346.8999938964844,491.3999938964844
20574.0,5290001.0,301.20001220703125,444.70001220703125
20593.0,5300001.0,365.8999938964844,530.4000244140625
20618.0,5310001.0,260.0,395.5
20640.0,5320001.0,248.10000610351562,390.1000061035156
20659.0,5330001.0,354.5,506.0
20680.0,5340001.0,282.0,427.5
20703.0,5350001.0,273.70001220703125,409.20001220703125
20729.0,5360001.0,194.89999389648438,335.3999938964844
20752.0,5370001.0,252.8000030517578,390.29998779296875
20775.0,5380001.0,291.1000061035156,431.6000061035156
20800.0,5390001.0,211.60000610351562,347.6000061035156
20825.0,5400001.0,267.79998779296875,407.79998779296875
20851.0,5410001.0,250.0,390.5
20872.0,5420001.0,341.29998779296875,493.29998779296875
20893.0,5430001.0,300.1000061035156,445.6000061035156
20918.0,5440001.0,209.8000030517578,340.29998779296875
20939.0,5450001.0,282.5,417.0
20961.0,5460001.0,314.20001220703125,481.70001220703125
20985.0,5470001.0,271.29998779296875,412.79998779296875
21010.0,5480001.0,237.8000030517578,381.29998779296875
21033.0,5490001.0,278.70001220703125,423.20001220703125
21056.0,5500001.0,297.29998779296875,443.79998779296875
21078.0,5510001.0,297.29998779296875,451.29998779296875
21105.0,5520001.0,241.39999389648438,372.3999938964844
21131.0,5530001.0,241.3000030517578,378.79998779296875
21154.0,5540001.0,294.5,427.5
21174.0,5550001.0,337.1000061035156,498.6000061035156
21196.0,5560001.0,294.70001220703125,451.70001220703125
21221.0,5570001.0,241.6999969482422,376.20001220703125
21244.0,5580001.0,292.8999938964844,427.3999938964844
21270.0,5590001.0,220.10000610351562,351.1000061035156
21293.0,5600001.0,280.29998779296875,414.79998779296875
21316.0,5610001.0,252.39999389648438,391.8999938964844
21339.0,5620001.0,316.79998779296875,460.29998779296875
21364.0,5630001.0,229.89999389648438,359.3999938964844
21385.0,5640001.0,327.3999938964844,467.8999938964844
21410.0,5650001.0,266.5,411.0
21433.0,5660001.0,279.29998779296875,416.79998779296875
21459.0,5670001.0,272.6000061035156,408.1000061035156
21482.0,5680001.0,215.10000610351562,349.6000061035156
21507.0,5690001.0,244.8000030517578,382.29998779296875
21529.0,5700001.0,320.29998779296875,460.79998779296875
21551.0,5710001.0,322.8999938964844,468.3999938964844
21575.0,5720001.0,259.70001220703125,392.20001220703125
21595.0,5730001.0,354.0,515.5
21619.0,5740001.0,245.60000610351562,374.6000061035156
21646.0,5750001.0,227.3000030517578,359.79998779296875
21673.0,5760001.0,169.60000610351562,298.1000061035156
21696.0,5770001.0,361.0,523.0
21725.0,5780001.0,262.79998779296875,421.79998779296875
21752.0,5790001.0,233.89999389648438,363.8999938964844
21781.0,5800001.0,226.10000610351562,360.6000061035156
21806.0,5810001.0,261.5,403.0
21832.0,5820001.0,220.6999969482422,360.20001220703125
21859.0,5830001.0,187.8000030517578,322.29998779296875
21883.0,5840001.0,278.70001220703125,422.70001220703125
21905.0,5850001.0,318.0,460.0
21930.0,5860001.0,267.5,400.5
21955.0,5870001.0,198.0,328.5
21982.0,5880001.0,235.6999969482422,362.70001220703125
22012.0,5890001.0,225.1999969482422,371.20001220703125
22040.0,5900001.0,211.0,339.0
22069.0,5910001.0,194.3000030517578,322.79998779296875
22096.0,5920001.0,308.3999938964844,458.3999938964844
22124.0,5930001.0,220.10000610351562,349.6000061035156
22155.0,5940001.0,184.5,307.0
22179.0,5950001.0,235.8000030517578,360.29998779296875
22205.0,5960001.0,257.3999938964844,388.3999938964844
22229.0,5970001.0,221.39999389648438,357.3999938964844
22252.0,5980001.0,309.0,450.0
22275.0,5990001.0,247.89999389648438,384.8999938964844
22302.0,6000001.0,238.39999389648438,363.8999938964844
22324.0,6010001.0,282.1000061035156,407.1000061035156
22351.0,6020001.0,246.6999969482422,385.20001220703125
22374.0,6030001.0,289.79998779296875,431.29998779296875
22399.0,6040001.0,263.3999938964844,396.3999938964844
22422.0,6050001.0,289.29998779296875,423.79998779296875
22446.0,6060001.0,273.0,413.0
22472.0,6070001.0,308.29998779296875,456.79998779296875
22499.0,6080001.0,179.8000030517578,300.79998779296875
22528.0,6090001.0,174.0,297.0
22552.0,6100001.0,283.29998779296875,429.79998779296875
22576.0,6110001.0,232.5,355.5
22603.0,6120001.0,253.0,380.0
22629.0,6130001.0,170.5,299.0
22659.0,6140001.0,255.1999969482422,380.70001220703125
22685.0,6150001.0,220.89999389648438,357.3999938964844
22711.0,6160001.0,211.10000610351562,337.6000061035156
22746.0,6170001.0,81.19999694824219,199.1999969482422
22770.0,6180001.0,267.70001220703125,400.20001220703125
22793.0,6190001.0,320.20001220703125,463.20001220703125
22820.0,6200001.0,256.8999938964844,390.8999938964844
22850.0,6210001.0,196.39999389648438,322.8999938964844
22881.0,6220001.0,178.39999389648438,303.8999938964844
22908.0,6230001.0,308.8999938964844,451.8999938964844
22931.0,6240001.0,289.5,441.5
22956.0,6250001.0,287.8999938964844,434.3999938964844
22982.0,6260001.0,228.0,349.5
23006.0,6270001.0,275.8999938964844,414.3999938964844
23028.0,6280001.0,255.1999969482422,395.20001220703125
23053.0,6290001.0,281.1000061035156,411.6000061035156
23080.0,6300001.0,257.1000061035156,384.1000061035156
23106.0,6310001.0,175.6999969482422,291.20001220703125
23129.0,6320001.0,272.79998779296875,411.29998779296875
23149.0,6330001.0,331.6000061035156,476.6000061035156
23169.0,6340001.0,352.20001220703125,493.20001220703125
23192.0,6350001.0,282.70001220703125,427.70001220703125
23216.0,6360001.0,244.1999969482422,394.70001220703125
23239.0,6370001.0,292.70001220703125,423.20001220703125
23263.0,6380001.0,232.89999389648438,364.8999938964844
23285.0,6390001.0,261.3999938964844,401.8999938964844
23308.0,6400001.0,275.5,419.5
23331.0,6410001.0,325.70001220703125,453.20001220703125
23355.0,6420001.0,304.1000061035156,436.6000061035156
23378.0,6430001.0,310.70001220703125,438.20001220703125
23401.0,6440001.0,311.3999938964844,446.8999938964844
23426.0,6450001.0,259.29998779296875,393.79998779296875
23448.0,6460001.0,330.29998779296875,476.79998779296875
23469.0,6470001.0,351.3999938964844,490.3999938964844
23492.0,6480001.0,317.3999938964844,452.3999938964844
23516.0,6490001.0,300.1000061035156,440.1000061035156
23540.0,6500001.0,364.5,514.0
23564.0,6510001.0,285.79998779296875,417.79998779296875
23590.0,6520001.0,263.79998779296875,397.29998779296875
23614.0,6530001.0,272.70001220703125,393.20001220703125
23640.0,6540001.0,255.8000030517578,383.29998779296875
23665.0,6550001.0,290.0,428.5
23687.0,6560001.0,326.5,461.5
23710.0,6570001.0,289.3999938964844,416.8999938964844
23735.0,6580001.0,249.6999969482422,380.20001220703125
23760.0,6590001.0,289.5,419.5
23783.0,6600001.0,310.29998779296875,450.29998779296875
23804.0,6610001.0,301.70001220703125,423.20001220703125
23829.0,6620001.0,280.8999938964844,414.8999938964844
23853.0,6630001.0,269.3999938964844,392.3999938964844
23872.0,6640001.0,351.8999938964844,489.8999938964844
23894.0,6650001.0,324.5,462.5
23916.0,6660001.0,277.3999938964844,413.8999938964844
23941.0,6670001.0,235.0,364.5
23960.0,6680001.0,339.5,474.0
23982.0,6690001.0,393.0,539.0
24005.0,6700001.0,295.8999938964844,427.8999938964844
24029.0,6710001.0,306.0,448.0
24051.0,6720001.0,299.29998779296875,434.79998779296875
24075.0,6730001.0,231.1999969482422,362.20001220703125
24098.0,6740001.0,306.6000061035156,452.6000061035156
24122.0,6750001.0,341.20001220703125,482.70001220703125
24145.0,6760001.0,295.1000061035156,425.6000061035156
24168.0,6770001.0,302.20001220703125,441.20001220703125
24187.0,6780001.0,429.5,578.0
24211.0,6790001.0,316.6000061035156,458.6000061035156
24241.0,6800001.0,171.5,283.5
24263.0,6810001.0,277.3999938964844,408.3999938964844
24284.0,6820001.0,314.1000061035156,440.1000061035156
24306.0,6830001.0,375.3999938964844,506.8999938964844
24324.0,6840001.0,441.29998779296875,588.7999877929688
24352.0,6850001.0,217.3000030517578,336.29998779296875
24375.0,6860001.0,313.70001220703125,445.70001220703125
24402.0,6870001.0,192.0,312.5
24421.0,6880001.0,369.6000061035156,507.1000061035156
24444.0,6890001.0,383.79998779296875,527.7999877929688
24468.0,6900001.0,301.6000061035156,430.1000061035156
24492.0,6910001.0,247.0,366.5
24510.0,6920001.0,455.20001220703125,595.2000122070312
24530.0,6930001.0,375.5,508.5
24552.0,6940001.0,352.29998779296875,485.79998779296875
24574.0,6950001.0,335.8999938964844,470.8999938964844
24596.0,6960001.0,378.79998779296875,519.2999877929688
24620.0,6970001.0,328.29998779296875,452.29998779296875
24646.0,6980001.0,299.29998779296875,436.79998779296875
24669.0,6990001.0,321.20001220703125,457.70001220703125
24692.0,7000001.0,323.3999938964844,460.3999938964844
24718.0,7010001.0,339.70001220703125,469.20001220703125
24747.0,7020001.0,228.89999389648438,358.3999938964844
24767.0,7030001.0,346.8999938964844,480.3999938964844
24789.0,7040001.0,268.70001220703125,402.70001220703125
24810.0,7050001.0,349.20001220703125,479.20001220703125
24833.0,7060001.0,271.5,399.5
24854.0,7070001.0,302.29998779296875,424.29998779296875
24877.0,7080001.0,284.79998779296875,422.79998779296875
24897.0,7090001.0,368.8999938964844,509.8999938964844
24917.0,7100001.0,357.79998779296875,497.79998779296875
24940.0,7110001.0,315.79998779296875,454.29998779296875
24960.0,7120001.0,385.70001220703125,527.2000122070312
24984.0,7130001.0,244.0,369.5
25005.0,7140001.0,299.29998779296875,428.79998779296875
25028.0,7150001.0,310.79998779296875,439.29998779296875
25049.0,7160001.0,307.1000061035156,445.1000061035156
25072.0,7170001.0,291.0,425.5
25095.0,7180001.0,222.60000610351562,352.6000061035156
25115.0,7190001.0,346.3999938964844,480.3999938964844
25137.0,7200001.0,341.6000061035156,465.6000061035156
25162.0,7210001.0,290.79998779296875,417.29998779296875
25184.0,7220001.0,323.70001220703125,458.70001220703125
25205.0,7230001.0,361.70001220703125,497.20001220703125
25230.0,7240001.0,247.1999969482422,375.70001220703125
25253.0,7250001.0,267.0,386.5
25278.0,7260001.0,206.5,320.5
25302.0,7270001.0,339.20001220703125,476.20001220703125
25331.0,7280001.0,202.8000030517578,314.79998779296875
25356.0,7290001.0,309.3999938964844,431.8999938964844
25381.0,7300001.0,269.20001220703125,398.20001220703125
25404.0,7310001.0,240.39999389648438,368.3999938964844
25429.0,7320001.0,281.29998779296875,409.79998779296875
25451.0,7330001.0,367.5,506.5
25474.0,7340001.0,222.0,339.5
25499.0,7350001.0,333.3999938964844,469.8999938964844
25525.0,7360001.0,202.39999389648438,319.3999938964844
25549.0,7370001.0,293.0,426.5
25576.0,7380001.0,246.3000030517578,375.79998779296875
25600.0,7390001.0,299.20001220703125,438.70001220703125
25623.0,7400001.0,342.0,468.5
25649.0,7410001.0,253.5,375.5
25677.0,7420001.0,238.39999389648438,355.8999938964844
25702.0,7430001.0,258.5,381.5
25726.0,7440001.0,313.8999938964844,434.3999938964844
25750.0,7450001.0,301.6000061035156,429.6000061035156
25773.0,7460001.0,274.0,399.5
25796.0,7470001.0,306.3999938964844,433.3999938964844
25822.0,7480001.0,274.3999938964844,398.8999938964844
25849.0,7490001.0,214.39999389648438,340.8999938964844
25873.0,7500001.0,288.20001220703125,409.20001220703125
25895.0,7510001.0,326.1000061035156,453.6000061035156
25918.0,7520001.0,260.0,384.5
25940.0,7530001.0,310.0,439.5
25961.0,7540001.0,269.70001220703125,401.70001220703125
25982.0,7550001.0,268.0,392.5
26008.0,7560001.0,294.79998779296875,428.79998779296875
26028.0,7570001.0,343.8999938964844,482.3999938964844
26052.0,7580001.0,309.0,431.0
26076.0,7590001.0,259.6000061035156,377.1000061035156
26104.0,7600001.0,240.60000610351562,364.1000061035156
26130.0,7610001.0,264.3999938964844,395.8999938964844
26157.0,7620001.0,304.70001220703125,440.20001220703125
26180.0,7630001.0,246.89999389648438,371.8999938964844
26208.0,7640001.0,269.29998779296875,397.29998779296875
26232.0,7650001.0,281.6000061035156,410.6000061035156
26253.0,7660001.0,342.6000061035156,465.6000061035156
26278.0,7670001.0,190.5,303.5
26301.0,7680001.0,329.0,455.5
26324.0,7690001.0,287.8999938964844,418.8999938964844
26347.0,7700001.0,303.0,427.0
26373.0,7710001.0,201.8000030517578,323.29998779296875
26394.0,7720001.0,391.0,521.5
26418.0,7730001.0,296.20001220703125,423.20001220703125
26442.0,7740001.0,313.20001220703125,441.20001220703125
26465.0,7750001.0,325.6000061035156,456.1000061035156
26488.0,7760001.0,287.3999938964844,420.8999938964844
26513.0,7770001.0,250.39999389648438,380.8999938964844
26538.0,7780001.0,284.3999938964844,411.8999938964844
26559.0,7790001.0,348.20001220703125,482.20001220703125
26580.0,7800001.0,371.8999938964844,511.3999938964844
26606.0,7810001.0,292.20001220703125,421.20001220703125
26630.0,7820001.0,328.8999938964844,457.8999938964844
26653.0,7830001.0,316.8999938964844,448.8999938964844
26674.0,7840001.0,305.20001220703125,439.70001220703125
26699.0,7850001.0,313.70001220703125,444.70001220703125
26720.0,7860001.0,359.8999938964844,497.8999938964844
26744.0,7870001.0,300.6000061035156,429.1000061035156
26769.0,7880001.0,208.60000610351562,330.6000061035156
26791.0,7890001.0,355.0,489.5
26813.0,7900001.0,281.3999938964844,410.8999938964844
26835.0,7910001.0,344.6000061035156,482.1000061035156
26857.0,7920001.0,346.0,492.5
26881.0,7930001.0,257.5,390.5
26907.0,7940001.0,276.5,393.5
26931.0,7950001.0,272.3999938964844,406.3999938964844
26954.0,7960001.0,309.5,445.0
26976.0,7970001.0,343.1000061035156,488.6000061035156
27000.0,7980001.0,340.8999938964844,466.8999938964844
27023.0,7990001.0,272.6000061035156,399.1000061035156
27044.0,8000001.0,361.1000061035156,490.1000061035156
27068.0,8010001.0,284.29998779296875,405.29998779296875
27094.0,8020001.0,271.0,396.5
27117.0,8030001.0,336.1000061035156,469.1000061035156
27140.0,8040001.0,261.1000061035156,393.6000061035156
27163.0,8050001.0,335.6000061035156,480.1000061035156
27186.0,8060001.0,280.5,409.0
27206.0,8070001.0,380.6000061035156,512.0999755859375
27230.0,8080001.0,280.1000061035156,409.1000061035156
27256.0,8090001.0,244.6999969482422,368.20001220703125
27280.0,8100001.0,316.1000061035156,464.6000061035156
27303.0,8110001.0,285.5,420.5
27323.0,8120001.0,419.20001220703125,577.7000122070312
27344.0,8130001.0,275.70001220703125,404.70001220703125
27369.0,8140001.0,287.8999938964844,416.8999938964844
27392.0,8150001.0,258.8999938964844,392.3999938964844
27415.0,8160001.0,268.1000061035156,390.1000061035156
27437.0,8170001.0,308.20001220703125,442.20001220703125
27460.0,8180001.0,306.8999938964844,436.8999938964844
27483.0,8190001.0,340.1000061035156,475.1000061035156
27504.0,8200001.0,336.1000061035156,474.6000061035156
27526.0,8210001.0,232.3000030517578,357.79998779296875
27548.0,8220001.0,371.6000061035156,513.5999755859375
27572.0,8230001.0,243.39999389648438,365.8999938964844
27592.0,8240001.0,334.79998779296875,485.79998779296875
27615.0,8250001.0,276.6000061035156,411.6000061035156
27640.0,8260001.0,269.20001220703125,411.20001220703125
27666.0,8270001.0,229.6999969482422,367.20001220703125
27689.0,8280001.0,272.5,404.0
27714.0,8290001.0,278.6000061035156,407.6000061035156
27736.0,8300001.0,280.70001220703125,418.20001220703125
27761.0,8310001.0,244.60000610351562,376.6000061035156
27783.0,8320001.0,305.1000061035156,447.1000061035156
27808.0,8330001.0,264.70001220703125,399.20001220703125
27834.0,8340001.0,260.79998779296875,389.29998779296875
27858.0,8350001.0,270.79998779296875,407.79998779296875
27881.0,8360001.0,280.5,420.5
27907.0,8370001.0,257.20001220703125,385.20001220703125
27928.0,8380001.0,314.79998779296875,450.29998779296875
27949.0,8390001.0,354.20001220703125,495.70001220703125
27973.0,8400001.0,258.20001220703125,381.70001220703125
27996.0,8410001.0,329.3999938964844,473.3999938964844
28018.0,8420001.0,298.8999938964844,434.3999938964844
28040.0,8430001.0,328.0,471.5
28065.0,8440001.0,249.0,387.5
28093.0,8450001.0,229.6999969482422,360.20001220703125
28116.0,8460001.0,315.6000061035156,463.1000061035156
28140.0,8470001.0,361.79998779296875,499.29998779296875
28163.0,8480001.0,217.6999969482422,342.20001220703125
28187.0,8490001.0,270.29998779296875,404.29998779296875
28212.0,8500001.0,268.29998779296875,392.29998779296875
28234.0,8510001.0,335.3999938964844,464.8999938964844
28257.0,8520001.0,286.8999938964844,426.3999938964844
28284.0,8530001.0,204.5,332.5
28310.0,8540001.0,203.10000610351562,333.1000061035156
28336.0,8550001.0,263.3999938964844,387.8999938964844
28360.0,8560001.0,330.20001220703125,469.70001220703125
28389.0,8570001.0,233.10000610351562,355.1000061035156
28414.0,8580001.0,309.0,442.0
28440.0,8590001.0,260.5,396.5
28463.0,8600001.0,320.20001220703125,456.20001220703125
28490.0,8610001.0,234.39999389648438,357.8999938964844
28514.0,8620001.0,298.0,429.0
28538.0,8630001.0,286.20001220703125,428.20001220703125
28564.0,8640001.0,267.3999938964844,402.8999938964844
28589.0,8650001.0,257.20001220703125,391.70001220703125
28611.0,8660001.0,326.1000061035156,466.6000061035156
28636.0,8670001.0,270.70001220703125,407.70001220703125
28661.0,8680001.0,292.1000061035156,432.1000061035156
28685.0,8690001.0,282.6000061035156,406.6000061035156
28708.0,8700001.0,273.5,415.5
28731.0,8710001.0,260.20001220703125,392.20001220703125
28759.0,8720001.0,214.89999389648438,334.8999938964844
28785.0,8730001.0,305.3999938964844,440.3999938964844
28811.0,8740001.0,294.20001220703125,424.20001220703125
28833.0,8750001.0,327.20001220703125,458.20001220703125
28860.0,8760001.0,231.89999389648438,362.8999938964844
28885.0,8770001.0,251.1999969482422,379.20001220703125
28910.0,8780001.0,261.70001220703125,397.20001220703125
28933.0,8790001.0,281.3999938964844,413.3999938964844
28957.0,8800001.0,267.1000061035156,402.6000061035156
28980.0,8810001.0,295.29998779296875,427.29998779296875
29002.0,8820001.0,303.20001220703125,433.70001220703125
29023.0,8830001.0,325.70001220703125,467.70001220703125
29047.0,8840001.0,223.6999969482422,347.20001220703125
29070.0,8850001.0,334.1000061035156,469.6000061035156
29093.0,8860001.0,301.8999938964844,422.8999938964844
29115.0,8870001.0,346.20001220703125,474.20001220703125
29139.0,8880001.0,284.1000061035156,412.1000061035156
29160.0,8890001.0,363.0,495.5
29186.0,8900001.0,215.89999389648438,337.3999938964844
29208.0,8910001.0,319.70001220703125,458.70001220703125
29230.0,8920001.0,342.8999938964844,471.8999938964844
29255.0,8930001.0,278.79998779296875,409.79998779296875
29277.0,8940001.0,294.8999938964844,425.3999938964844
29301.0,8950001.0,255.5,385.0
29322.0,8960001.0,325.20001220703125,458.20001220703125
29344.0,8970001.0,360.0,501.0
29364.0,8980001.0,325.8999938964844,458.3999938964844
29389.0,8990001.0,218.3000030517578,341.79998779296875
29413.0,9000001.0,261.79998779296875,391.79998779296875
29436.0,9010001.0,325.29998779296875,448.79998779296875
29455.0,9020001.0,356.5,493.0
29476.0,9030001.0,349.0,477.0
29501.0,9040001.0,350.6000061035156,476.1000061035156
29523.0,9050001.0,323.20001220703125,462.70001220703125
29545.0,9060001.0,277.5,413.0
29565.0,9070001.0,318.6000061035156,454.6000061035156
29587.0,9080001.0,308.0,434.5
29608.0,9090001.0,296.29998779296875,418.79998779296875
29631.0,9100001.0,335.20001220703125,461.20001220703125
29657.0,9110001.0,223.89999389648438,349.3999938964844
29677.0,9120001.0,360.0,499.0
29698.0,9130001.0,330.70001220703125,460.20001220703125
29720.0,9140001.0,333.6000061035156,473.6000061035156
29740.0,9150001.0,329.3999938964844,461.3999938964844
29763.0,9160001.0,366.1000061035156,503.6000061035156
29786.0,9170001.0,339.3999938964844,464.3999938964844
29809.0,9180001.0,271.79998779296875,406.29998779296875
29830.0,9190001.0,328.6000061035156,457.6000061035156
29852.0,9200001.0,323.1000061035156,460.6000061035156
29874.0,9210001.0,358.8999938964844,491.8999938964844
29896.0,9220001.0,322.1000061035156,450.1000061035156
29919.0,9230001.0,316.79998779296875,436.79998779296875
29939.0,9240001.0,373.0,511.0
29960.0,9250001.0,330.3999938964844,466.3999938964844
29983.0,9260001.0,317.1000061035156,460.6000061035156
30005.0,9270001.0,312.1000061035156,444.1000061035156
30026.0,9280001.0,327.29998779296875,459.79998779296875
30046.0,9290001.0,374.8999938964844,514.9000244140625
30069.0,9300001.0,282.29998779296875,413.29998779296875
30093.0,9310001.0,338.6000061035156,469.6000061035156
30114.0,9320001.0,324.6000061035156,458.1000061035156
30136.0,9330001.0,285.29998779296875,425.79998779296875
30161.0,9340001.0,280.0,399.0
30182.0,9350001.0,372.70001220703125,505.20001220703125
30204.0,9360001.0,349.79998779296875,480.79998779296875
30224.0,9370001.0,349.5,477.5
30246.0,9380001.0,363.29998779296875,505.29998779296875
30266.0,9390001.0,367.20001220703125,511.70001220703125
30288.0,9400001.0,339.20001220703125,477.20001220703125
30307.0,9410001.0,378.0,516.0
30331.0,9420001.0,306.70001220703125,435.20001220703125
30351.0,9430001.0,394.1000061035156,536.5999755859375
30374.0,9440001.0,275.79998779296875,390.79998779296875
30397.0,9450001.0,324.0,456.0
30422.0,9460001.0,261.6000061035156,382.6000061035156
30443.0,9470001.0,390.3999938964844,526.9000244140625
30466.0,9480001.0,329.3999938964844,466.3999938964844
30488.0,9490001.0,312.0,442.0
30508.0,9500001.0,389.29998779296875,535.7999877929688
30528.0,9510001.0,430.29998779296875,568.2999877929688
30548.0,9520001.0,348.29998779296875,480.79998779296875
30569.0,9530001.0,372.5,509.0
30592.0,9540001.0,302.1000061035156,431.1000061035156
30614.0,9550001.0,298.6000061035156,432.1000061035156
30634.0,9560001.0,358.0,508.5
30658.0,9570001.0,288.20001220703125,420.20001220703125
30678.0,9580001.0,365.1000061035156,495.6000061035156
30700.0,9590001.0,340.3999938964844,481.3999938964844
30720.0,9600001.0,380.8999938964844,505.8999938964844
30743.0,9610001.0,339.5,481.5
30765.0,9620001.0,306.8999938964844,436.3999938964844
30785.0,9630001.0,352.5,486.5
30806.0,9640001.0,342.5,486.5
30827.0,9650001.0,342.20001220703125,480.20001220703125
30846.0,9660001.0,354.8999938964844,499.3999938964844
30868.0,9670001.0,374.0,521.0
30889.0,9680001.0,293.29998779296875,421.79998779296875
30908.0,9690001.0,356.6000061035156,497.1000061035156
30929.0,9700001.0,297.79998779296875,421.29998779296875
30951.0,9710001.0,325.5,455.0
30971.0,9720001.0,345.29998779296875,479.29998779296875
30991.0,9730001.0,418.20001220703125,553.2000122070312
31012.0,9740001.0,340.29998779296875,473.29998779296875
31035.0,9750001.0,350.70001220703125,490.70001220703125
31056.0,9760001.0,329.8999938964844,471.3999938964844
31077.0,9770001.0,342.70001220703125,478.20001220703125
31098.0,9780001.0,313.20001220703125,440.70001220703125
31120.0,9790001.0,253.1999969482422,378.70001220703125
31142.0,9800001.0,317.70001220703125,451.70001220703125
31162.0,9810001.0,366.8999938964844,507.3999938964844
31182.0,9820001.0,420.0,568.0
31203.0,9830001.0,311.3999938964844,442.3999938964844
31226.0,9840001.0,327.29998779296875,457.79998779296875
31246.0,9850001.0,388.70001220703125,530.2000122070312
31266.0,9860001.0,347.20001220703125,472.70001220703125
31289.0,9870001.0,308.29998779296875,438.29998779296875
31311.0,9880001.0,263.0,390.5
31333.0,9890001.0,305.0,442.0
31355.0,9900001.0,334.29998779296875,471.79998779296875
31372.0,9910001.0,418.79998779296875,568.7999877929688
31392.0,9920001.0,385.6000061035156,533.0999755859375
31410.0,9930001.0,424.5,565.0
31430.0,9940001.0,350.79998779296875,487.79998779296875
31451.0,9950001.0,390.70001220703125,519.7000122070312
31471.0,9960001.0,384.6000061035156,524.0999755859375
31492.0,9970001.0,309.5,439.5
31513.0,9980001.0,331.79998779296875,458.29998779296875
31532.0,9990001.0,428.3999938964844,571.4000244140625
