N_Ep,Env_Steps,Avf_RM,Avg_EPLM
0.0,1.0,0.0,0.0
65.0,10001.0,-192.8000030517578,169.6999969482422
135.0,20001.0,-113.30000305175781,120.69999694824219
196.0,30001.0,-54.70000076293945,171.8000030517578
261.0,40001.0,8.699999809265137,176.6999969482422
327.0,50001.0,26.600000381469727,130.60000610351562
382.0,60001.0,94.9000015258789,214.39999389648438
438.0,70001.0,72.5,177.0
496.0,80001.0,85.19999694824219,192.6999969482422
548.0,90001.0,89.4000015258789,193.39999389648438
604.0,100001.0,36.099998474121094,139.60000610351562
655.0,110001.0,71.5999984741211,177.60000610351562
706.0,120001.0,84.30000305175781,204.3000030517578
763.0,130001.0,98.80000305175781,210.8000030517578
812.0,140001.0,53.5,155.5
866.0,150001.0,64.30000305175781,184.8000030517578
919.0,160001.0,110.5,222.0
971.0,170001.0,-2.0,100.5
1024.0,180001.0,79.0,189.5
1086.0,190001.0,80.9000015258789,196.39999389648438
1139.0,200001.0,115.0,224.5
1194.0,210001.0,52.0,165.0
1245.0,220001.0,85.5999984741211,207.60000610351562
1292.0,230001.0,94.30000305175781,210.8000030517578
1338.0,240001.0,97.80000305175781,225.3000030517578
1393.0,250001.0,52.29999923706055,159.3000030517578
1446.0,260001.0,100.80000305175781,220.3000030517578
1500.0,270001.0,99.5,218.0
1553.0,280001.0,44.900001525878906,157.39999389648438
1614.0,290001.0,79.30000305175781,196.8000030517578
1664.0,300001.0,40.70000076293945,155.1999969482422
1726.0,310001.0,28.299999237060547,131.8000030517578
1777.0,320001.0,43.79999923706055,150.3000030517578
1832.0,330001.0,75.30000305175781,186.8000030517578
1887.0,340001.0,79.0,189.5
1938.0,350001.0,96.5999984741211,203.60000610351562
1994.0,360001.0,118.80000305175781,236.3000030517578
2044.0,370001.0,146.39999389648438,278.8999938964844
2108.0,380001.0,28.600000381469727,135.60000610351562
2170.0,390001.0,51.70000076293945,159.1999969482422
2224.0,400001.0,74.30000305175781,186.3000030517578
2278.0,410001.0,78.0,184.5
2335.0,420001.0,44.900001525878906,156.89999389648438
2402.0,430001.0,59.70000076293945,168.1999969482422
2468.0,440001.0,59.900001525878906,173.89999389648438
2525.0,450001.0,64.9000015258789,179.39999389648438
2581.0,460001.0,64.69999694824219,179.6999969482422
2642.0,470001.0,48.900001525878906,159.39999389648438
2693.0,480001.0,68.9000015258789,175.89999389648438
2758.0,490001.0,51.099998474121094,158.60000610351562
2823.0,500001.0,37.29999923706055,144.8000030517578
2884.0,510001.0,66.80000305175781,173.3000030517578
2952.0,520001.0,16.299999237060547,120.30000305175781
3007.0,530001.0,51.5,163.5
3064.0,540001.0,62.5,174.5
3123.0,550001.0,70.0,178.0
3169.0,560001.0,151.6999969482422,287.70001220703125
3232.0,570001.0,62.20000076293945,177.6999969482422
3291.0,580001.0,100.5999984741211,220.60000610351562
3344.0,590001.0,63.29999923706055,173.8000030517578
3408.0,600001.0,79.0,191.0
3466.0,610001.0,87.0,192.0
3524.0,620001.0,66.9000015258789,173.89999389648438
3575.0,630001.0,47.900001525878906,157.89999389648438
3637.0,640001.0,24.0,132.5
3698.0,650001.0,16.0,123.5
3757.0,660001.0,30.700000762939453,134.1999969482422
3816.0,670001.0,26.799999237060547,135.3000030517578
3875.0,680001.0,72.4000015258789,182.89999389648438
3928.0,690001.0,131.1999969482422,249.6999969482422
3992.0,700001.0,54.79999923706055,166.8000030517578
4053.0,710001.0,30.899999618530273,136.89999389648438
4103.0,720001.0,112.30000305175781,232.3000030517578
4157.0,730001.0,77.0,186.5
4220.0,740001.0,40.099998474121094,147.10000610351562
4273.0,750001.0,61.400001525878906,172.39999389648438
4336.0,760001.0,39.599998474121094,146.10000610351562
4397.0,770001.0,45.29999923706055,152.3000030517578
4461.0,780001.0,55.29999923706055,163.8000030517578
4516.0,790001.0,62.79999923706055,168.3000030517578
4588.0,800001.0,10.800000190734863,113.80000305175781
4642.0,810001.0,106.80000305175781,215.8000030517578
4701.0,820001.0,59.400001525878906,175.39999389648438
4762.0,830001.0,24.700000762939453,129.6999969482422
4819.0,840001.0,61.0,170.5
4870.0,850001.0,76.0,186.0
4927.0,860001.0,17.5,120.5
4989.0,870001.0,45.400001525878906,150.89999389648438
5043.0,880001.0,87.0999984741211,201.10000610351562
5111.0,890001.0,29.5,135.0
5174.0,900001.0,85.5,199.5
5231.0,910001.0,81.5999984741211,197.10000610351562
5297.0,920001.0,28.5,133.0
5356.0,930001.0,66.0,176.0
5419.0,940001.0,76.4000015258789,188.39999389648438
5477.0,950001.0,98.80000305175781,209.8000030517578
5546.0,960001.0,65.9000015258789,177.89999389648438
5607.0,970001.0,106.5,217.0
5678.0,980001.0,22.399999618530273,126.4000015258789
5749.0,990001.0,63.29999923706055,171.3000030517578
5806.0,1000001.0,82.5999984741211,197.10000610351562
5863.0,1010001.0,73.69999694824219,187.6999969482422
5923.0,1020001.0,49.29999923706055,156.8000030517578
5991.0,1030001.0,10.100000381469727,114.0999984741211
6053.0,1040001.0,10.800000190734863,114.30000305175781
6119.0,1050001.0,42.400001525878906,150.89999389648438
6180.0,1060001.0,52.70000076293945,159.1999969482422
6243.0,1070001.0,31.600000381469727,136.60000610351562
6302.0,1080001.0,63.20000076293945,171.6999969482422
6359.0,1090001.0,57.599998474121094,164.10000610351562
6416.0,1100001.0,33.29999923706055,138.3000030517578
6484.0,1110001.0,72.0999984741211,184.10000610351562
6540.0,1120001.0,78.80000305175781,189.8000030517578
6603.0,1130001.0,78.80000305175781,188.3000030517578
6659.0,1140001.0,87.5999984741211,194.60000610351562
6720.0,1150001.0,24.0,129.5
6792.0,1160001.0,19.100000381469727,124.0999984741211
6862.0,1170001.0,57.099998474121094,161.10000610351562
6921.0,1180001.0,56.20000076293945,162.6999969482422
6981.0,1190001.0,27.5,133.0
7046.0,1200001.0,54.79999923706055,160.3000030517578
7109.0,1210001.0,18.799999237060547,122.80000305175781
7167.0,1220001.0,84.0,197.0
7233.0,1230001.0,30.299999237060547,135.8000030517578
7303.0,1240001.0,6.400000095367432,107.9000015258789
7360.0,1250001.0,61.099998474121094,168.60000610351562
7411.0,1260001.0,145.0,268.0
7465.0,1270001.0,62.29999923706055,167.3000030517578
7525.0,1280001.0,47.0,154.0
7585.0,1290001.0,73.4000015258789,176.89999389648438
7651.0,1300001.0,25.399999618530273,130.89999389648438
7713.0,1310001.0,75.0999984741211,181.10000610351562
7776.0,1320001.0,112.30000305175781,231.3000030517578
7837.0,1330001.0,42.79999923706055,145.8000030517578
7894.0,1340001.0,55.900001525878906,160.89999389648438
7955.0,1350001.0,76.19999694824219,186.6999969482422
8008.0,1360001.0,61.900001525878906,170.89999389648438
8061.0,1370001.0,69.0999984741211,176.10000610351562
8124.0,1380001.0,74.0,184.0
8187.0,1390001.0,17.200000762939453,121.19999694824219
8255.0,1400001.0,35.099998474121094,140.60000610351562
8317.0,1410001.0,69.30000305175781,183.3000030517578
8383.0,1420001.0,32.20000076293945,135.6999969482422
8442.0,1430001.0,73.0,180.5
8498.0,1440001.0,53.29999923706055,160.8000030517578
8563.0,1450001.0,45.79999923706055,149.3000030517578
8626.0,1460001.0,11.300000190734863,114.80000305175781
8694.0,1470001.0,66.0,172.0
8751.0,1480001.0,63.70000076293945,168.6999969482422
8813.0,1490001.0,59.400001525878906,163.39999389648438
8867.0,1500001.0,92.0999984741211,200.10000610351562
8922.0,1510001.0,74.5,181.5
8983.0,1520001.0,55.29999923706055,162.3000030517578
9048.0,1530001.0,82.30000305175781,193.3000030517578
9107.0,1540001.0,49.0,159.0
9159.0,1550001.0,41.70000076293945,149.1999969482422
9226.0,1560001.0,42.0,144.0
9288.0,1570001.0,21.399999618530273,123.4000015258789
9354.0,1580001.0,36.79999923706055,140.8000030517578
9419.0,1590001.0,22.299999237060547,124.30000305175781
9474.0,1600001.0,66.80000305175781,176.8000030517578
9531.0,1610001.0,53.099998474121094,160.10000610351562
9579.0,1620001.0,156.5,273.0
9630.0,1630001.0,31.0,135.0
9683.0,1640001.0,71.30000305175781,177.3000030517578
9741.0,1650001.0,56.099998474121094,162.60000610351562
9802.0,1660001.0,50.5,161.0
9856.0,1670001.0,48.599998474121094,154.10000610351562
9913.0,1680001.0,65.30000305175781,172.8000030517578
9963.0,1690001.0,133.60000610351562,245.60000610351562
10019.0,1700001.0,23.700000762939453,126.69999694824219
10078.0,1710001.0,36.70000076293945,144.6999969482422
10137.0,1720001.0,14.399999618530273,119.9000015258789
10197.0,1730001.0,76.19999694824219,183.6999969482422
10252.0,1740001.0,39.599998474121094,144.60000610351562
10312.0,1750001.0,48.20000076293945,155.6999969482422
10367.0,1760001.0,106.4000015258789,216.89999389648438
10434.0,1770001.0,58.0,165.0
10490.0,1780001.0,41.900001525878906,151.39999389648438
10551.0,1790001.0,71.0999984741211,178.10000610351562
10604.0,1800001.0,108.30000305175781,215.3000030517578
10660.0,1810001.0,97.4000015258789,210.39999389648438
10719.0,1820001.0,104.0,217.5
10775.0,1830001.0,28.299999237060547,136.8000030517578
10832.0,1840001.0,112.69999694824219,227.6999969482422
10882.0,1850001.0,78.5999984741211,188.10000610351562
10939.0,1860001.0,111.30000305175781,219.3000030517578
10989.0,1870001.0,111.19999694824219,230.6999969482422
11042.0,1880001.0,100.4000015258789,211.89999389648438
11091.0,1890001.0,76.9000015258789,186.39999389648438
11140.0,1900001.0,67.9000015258789,175.89999389648438
11196.0,1910001.0,70.5,188.5
11246.0,1920001.0,118.19999694824219,241.1999969482422
11299.0,1930001.0,61.599998474121094,171.60000610351562
11348.0,1940001.0,108.0999984741211,227.60000610351562
11402.0,1950001.0,34.0,140.0
11456.0,1960001.0,73.5999984741211,185.60000610351562
11508.0,1970001.0,71.0999984741211,180.10000610351562
11553.0,1980001.0,162.5,280.5
11605.0,1990001.0,43.5,149.5
