N_Ep,Env_Steps,Avf_RM,Avg_EPLM
0.0,1.0,0.0,0.0
2735.0,10001.0,-97.5,3.5
5216.0,20001.0,-94.5,6.5
7778.0,30001.0,-96.4000015258789,4.599999904632568
10233.0,40001.0,-96.9000015258789,4.099999904632568
12533.0,50001.0,-95.4000015258789,5.0
14695.0,60001.0,-95.69999694824219,5.300000190734863
16843.0,70001.0,-95.19999694824219,5.5
18965.0,80001.0,-95.30000305175781,5.400000095367432
21024.0,90001.0,-96.0999984741211,4.900000095367432
22911.0,100001.0,-94.9000015258789,5.800000190734863
24639.0,110001.0,-96.4000015258789,4.599999904632568
26293.0,120001.0,-90.80000305175781,8.699999809265137
27820.0,130001.0,-93.9000015258789,7.099999904632568
29312.0,140001.0,-95.5999984741211,4.800000190734863
30626.0,150001.0,-94.19999694824219,6.800000190734863
31792.0,160001.0,-93.0,7.400000095367432
32873.0,170001.0,-91.5,9.199999809265137
33855.0,180001.0,-91.4000015258789,9.0
34679.0,190001.0,-92.0,9.0
35429.0,200001.0,-86.5,13.600000381469727
36091.0,210001.0,-84.4000015258789,16.0
36562.0,220001.0,-78.9000015258789,21.799999237060547
36982.0,230001.0,-69.5,30.0
37239.0,240001.0,-65.5999984741211,34.5
37398.0,250001.0,11.0,109.5999984741211
37493.0,260001.0,9.699999809265137,107.0999984741211
37577.0,270001.0,-19.100000381469727,78.9000015258789
37674.0,280001.0,10.600000381469727,107.69999694824219
37760.0,290001.0,11.800000190734863,108.0
37846.0,300001.0,24.0,119.5999984741211
37934.0,310001.0,16.0,113.4000015258789
38027.0,320001.0,26.299999237060547,124.30000305175781
38128.0,330001.0,16.0,113.4000015258789
38218.0,340001.0,12.0,110.9000015258789
38309.0,350001.0,29.299999237060547,125.19999694824219
38402.0,360001.0,25.799999237060547,121.4000015258789
38492.0,370001.0,8.800000190734863,105.5999984741211
38587.0,380001.0,-3.9000000953674316,94.0999984741211
38674.0,390001.0,6.400000095367432,105.9000015258789
38771.0,400001.0,-26.899999618530273,73.80000305175781
38865.0,410001.0,-13.399999618530273,84.9000015258789
38945.0,420001.0,25.799999237060547,122.5999984741211
39032.0,430001.0,29.700000762939453,127.69999694824219
39120.0,440001.0,38.400001525878906,134.60000610351562
39214.0,450001.0,-7.400000095367432,90.30000305175781
39309.0,460001.0,9.100000381469727,106.19999694824219
39397.0,470001.0,75.69999694824219,167.10000610351562
39490.0,480001.0,29.399999618530273,124.4000015258789
39574.0,490001.0,48.79999923706055,142.3000030517578
39653.0,500001.0,24.899999618530273,119.0
39733.0,510001.0,75.30000305175781,167.3000030517578
39815.0,520001.0,48.400001525878906,138.0
39904.0,530001.0,-4.599999904632568,94.30000305175781
39982.0,540001.0,2.200000047683716,99.9000015258789
40068.0,550001.0,42.400001525878906,137.39999389648438
40169.0,560001.0,7.599999904632568,104.0999984741211
40250.0,570001.0,37.0,129.3000030517578
40327.0,580001.0,10.899999618530273,110.0999984741211
40411.0,590001.0,8.0,104.5
40499.0,600001.0,30.899999618530273,125.30000305175781
40575.0,610001.0,2.5999999046325684,98.5
40649.0,620001.0,63.900001525878906,155.89999389648438
40729.0,630001.0,18.200000762939453,112.0
40804.0,640001.0,3.200000047683716,97.30000305175781
40883.0,650001.0,21.0,115.69999694824219
40955.0,660001.0,51.400001525878906,141.60000610351562
41043.0,670001.0,22.399999618530273,113.80000305175781
41115.0,680001.0,8.0,100.30000305175781
41192.0,690001.0,0.699999988079071,93.0
41265.0,700001.0,54.70000076293945,141.3000030517578
41343.0,710001.0,57.400001525878906,145.8000030517578
41417.0,720001.0,28.399999618530273,120.4000015258789
41504.0,730001.0,41.79999923706055,132.0
41585.0,740001.0,43.400001525878906,129.6999969482422
41649.0,750001.0,93.30000305175781,176.0
41737.0,760001.0,-10.0,82.5999984741211
41819.0,770001.0,32.79999923706055,117.9000015258789
41886.0,780001.0,27.0,118.69999694824219
41960.0,790001.0,96.0999984741211,171.60000610351562
42034.0,800001.0,74.30000305175781,146.8000030517578
42113.0,810001.0,25.899999618530273,108.30000305175781
42184.0,820001.0,75.5,157.0
42265.0,830001.0,63.0,134.60000610351562
42344.0,840001.0,34.20000076293945,111.80000305175781
42422.0,850001.0,82.69999694824219,154.60000610351562
42506.0,860001.0,45.70000076293945,118.5
42594.0,870001.0,30.200000762939453,105.4000015258789
42683.0,880001.0,81.30000305175781,147.8000030517578
42763.0,890001.0,64.19999694824219,127.0999984741211
42841.0,900001.0,68.4000015258789,135.8000030517578
42927.0,910001.0,16.5,94.4000015258789
43025.0,920001.0,23.600000381469727,95.80000305175781
43108.0,930001.0,30.399999618530273,97.5
43191.0,940001.0,20.5,90.30000305175781
43271.0,950001.0,34.099998474121094,102.4000015258789
43369.0,960001.0,-4.5,72.19999694824219
43452.0,970001.0,90.30000305175781,143.60000610351562
43541.0,980001.0,101.4000015258789,152.60000610351562
43627.0,990001.0,47.400001525878906,111.80000305175781
43724.0,1000001.0,28.5,96.5
43813.0,1010001.0,58.099998474121094,121.0
43890.0,1020001.0,94.9000015258789,146.10000610351562
43980.0,1030001.0,36.900001525878906,101.0
44072.0,1040001.0,24.100000381469727,90.5999984741211
44151.0,1050001.0,85.0,140.10000610351562
44244.0,1060001.0,91.30000305175781,142.5
44333.0,1070001.0,40.20000076293945,102.5
44422.0,1080001.0,54.20000076293945,114.0999984741211
44510.0,1090001.0,83.80000305175781,139.1999969482422
44597.0,1100001.0,39.099998474121094,103.5
44685.0,1110001.0,34.099998474121094,99.69999694824219
44771.0,1120001.0,76.5999984741211,131.39999389648438
44858.0,1130001.0,82.5999984741211,136.8000030517578
44940.0,1140001.0,50.900001525878906,111.4000015258789
45023.0,1150001.0,65.0,122.19999694824219
45114.0,1160001.0,25.600000381469727,93.5999984741211
45200.0,1170001.0,76.0999984741211,133.60000610351562
45283.0,1180001.0,40.5,105.19999694824219
45366.0,1190001.0,63.900001525878906,119.9000015258789
45460.0,1200001.0,31.200000762939453,95.5999984741211
45543.0,1210001.0,95.19999694824219,143.10000610351562
45620.0,1220001.0,109.4000015258789,157.3000030517578
45700.0,1230001.0,97.80000305175781,146.0
45779.0,1240001.0,102.80000305175781,154.60000610351562
45863.0,1250001.0,62.0,116.80000305175781
45934.0,1260001.0,125.9000015258789,172.60000610351562
46016.0,1270001.0,61.0,119.69999694824219
46101.0,1280001.0,93.80000305175781,141.10000610351562
46183.0,1290001.0,72.0999984741211,127.19999694824219
46267.0,1300001.0,63.599998474121094,119.30000305175781
46356.0,1310001.0,7.699999809265137,79.30000305175781
46441.0,1320001.0,22.100000381469727,89.80000305175781
46525.0,1330001.0,64.30000305175781,121.80000305175781
46609.0,1340001.0,78.69999694824219,130.5
46693.0,1350001.0,40.5,102.5
46771.0,1360001.0,21.899999618530273,91.0999984741211
46847.0,1370001.0,63.29999923706055,119.0
46924.0,1380001.0,88.4000015258789,139.3000030517578
47009.0,1390001.0,40.29999923706055,103.5
47093.0,1400001.0,48.20000076293945,108.69999694824219
47166.0,1410001.0,112.30000305175781,156.0
47254.0,1420001.0,0.20000000298023224,71.80000305175781
47332.0,1430001.0,116.4000015258789,159.8000030517578
47414.0,1440001.0,36.900001525878906,98.5999984741211
47497.0,1450001.0,77.5,132.89999389648438
47583.0,1460001.0,48.400001525878906,108.0
47659.0,1470001.0,61.79999923706055,122.0
47731.0,1480001.0,84.9000015258789,136.6999969482422
47817.0,1490001.0,69.69999694824219,125.0999984741211
47896.0,1500001.0,44.400001525878906,107.5999984741211
47983.0,1510001.0,58.900001525878906,116.69999694824219
48062.0,1520001.0,66.0,121.69999694824219
48141.0,1530001.0,67.5999984741211,123.9000015258789
48217.0,1540001.0,107.9000015258789,155.8000030517578
48294.0,1550001.0,102.9000015258789,150.8000030517578
48378.0,1560001.0,103.9000015258789,153.89999389648438
48453.0,1570001.0,139.1999969482422,178.39999389648438
48524.0,1580001.0,76.30000305175781,132.60000610351562
48593.0,1590001.0,94.4000015258789,143.5
48676.0,1600001.0,19.799999237060547,85.69999694824219
48752.0,1610001.0,73.80000305175781,126.5
48826.0,1620001.0,102.5,151.3000030517578
48903.0,1630001.0,65.0,120.4000015258789
48990.0,1640001.0,80.9000015258789,130.3000030517578
49071.0,1650001.0,85.4000015258789,136.3000030517578
49147.0,1660001.0,49.70000076293945,108.69999694824219
49236.0,1670001.0,88.19999694824219,140.89999389648438
49324.0,1680001.0,45.0,108.19999694824219
49399.0,1690001.0,76.4000015258789,132.10000610351562
49490.0,1700001.0,86.0,135.39999389648438
49567.0,1710001.0,45.79999923706055,106.5999984741211
49653.0,1720001.0,55.400001525878906,117.4000015258789
49725.0,1730001.0,65.0999984741211,121.69999694824219
49809.0,1740001.0,86.69999694824219,140.60000610351562
49889.0,1750001.0,90.5999984741211,141.1999969482422
49963.0,1760001.0,86.9000015258789,138.39999389648438
50043.0,1770001.0,82.69999694824219,134.8000030517578
50123.0,1780001.0,32.599998474121094,97.5999984741211
50208.0,1790001.0,30.799999237060547,95.80000305175781
50287.0,1800001.0,68.19999694824219,124.19999694824219
50376.0,1810001.0,87.4000015258789,137.6999969482422
50449.0,1820001.0,116.5,162.60000610351562
50531.0,1830001.0,60.099998474121094,117.9000015258789
50613.0,1840001.0,95.5,143.10000610351562
50691.0,1850001.0,85.0999984741211,138.6999969482422
50774.0,1860001.0,60.0,117.80000305175781
50852.0,1870001.0,93.9000015258789,142.10000610351562
50924.0,1880001.0,70.80000305175781,125.0
51003.0,1890001.0,86.80000305175781,135.0
51078.0,1900001.0,84.0,134.0
51147.0,1910001.0,45.900001525878906,110.30000305175781
51221.0,1920001.0,112.19999694824219,158.3000030517578
51296.0,1930001.0,105.0999984741211,152.10000610351562
51373.0,1940001.0,23.299999237060547,88.5999984741211
51448.0,1950001.0,96.5,148.0
51527.0,1960001.0,70.9000015258789,126.9000015258789
51602.0,1970001.0,107.69999694824219,156.1999969482422
51678.0,1980001.0,64.0,119.69999694824219
51760.0,1990001.0,48.70000076293945,109.5
51838.0,2000001.0,55.0,116.0999984741211
51912.0,2010001.0,42.400001525878906,106.80000305175781
51992.0,2020001.0,81.69999694824219,135.3000030517578
52065.0,2030001.0,95.80000305175781,145.5
52141.0,2040001.0,63.599998474121094,119.9000015258789
52218.0,2050001.0,1.899999976158142,74.69999694824219
52288.0,2060001.0,119.0,164.5
52359.0,2070001.0,85.19999694824219,135.8000030517578
52439.0,2080001.0,102.9000015258789,151.39999389648438
52510.0,2090001.0,91.9000015258789,142.8000030517578
52588.0,2100001.0,67.69999694824219,123.4000015258789
52662.0,2110001.0,101.0999984741211,150.5
52741.0,2120001.0,110.0999984741211,154.10000610351562
52820.0,2130001.0,79.4000015258789,130.60000610351562
52893.0,2140001.0,108.5,155.1999969482422
52971.0,2150001.0,124.80000305175781,166.39999389648438
53043.0,2160001.0,55.900001525878906,114.30000305175781
53114.0,2170001.0,94.5,144.8000030517578
53183.0,2180001.0,98.5,148.8000030517578
53260.0,2190001.0,110.0,155.1999969482422
53334.0,2200001.0,87.5,135.10000610351562
53406.0,2210001.0,53.70000076293945,115.69999694824219
53484.0,2220001.0,62.599998474121094,122.19999694824219
53561.0,2230001.0,61.099998474121094,123.0999984741211
53631.0,2240001.0,50.400001525878906,107.9000015258789
53702.0,2250001.0,112.4000015258789,158.8000030517578
53782.0,2260001.0,57.20000076293945,113.80000305175781
53856.0,2270001.0,92.19999694824219,139.5
53924.0,2280001.0,81.30000305175781,135.1999969482422
54011.0,2290001.0,43.599998474121094,105.30000305175781
54087.0,2300001.0,107.30000305175781,153.10000610351562
54158.0,2310001.0,96.4000015258789,144.89999389648438
54231.0,2320001.0,94.80000305175781,145.10000610351562
54300.0,2330001.0,100.19999694824219,147.8000030517578
54373.0,2340001.0,72.5,124.9000015258789
54448.0,2350001.0,55.900001525878906,114.9000015258789
54518.0,2360001.0,121.19999694824219,164.3000030517578
54593.0,2370001.0,67.30000305175781,121.5
54664.0,2380001.0,74.5999984741211,129.39999389648438
54733.0,2390001.0,149.60000610351562,189.39999389648438
54817.0,2400001.0,85.69999694824219,138.39999389648438
54891.0,2410001.0,116.9000015258789,161.1999969482422
54965.0,2420001.0,97.0999984741211,145.89999389648438
55042.0,2430001.0,56.79999923706055,115.5
55122.0,2440001.0,91.80000305175781,142.6999969482422
55197.0,2450001.0,78.19999694824219,131.8000030517578
55272.0,2460001.0,101.30000305175781,150.39999389648438
55347.0,2470001.0,95.30000305175781,142.3000030517578
55423.0,2480001.0,47.20000076293945,109.80000305175781
55493.0,2490001.0,129.5,170.5
