N_Ep,Env_Steps,Avf_RM,Avg_EPLM
0.0,1.0,0.0,0.0
65.0,10001.0,-176.8000030517578,148.6999969482422
135.0,20001.0,-121.19999694824219,159.3000030517578
197.0,30001.0,-59.29999923706055,184.1999969482422
249.0,40001.0,5.199999809265137,193.6999969482422
300.0,50001.0,85.80000305175781,198.3000030517578
367.0,60001.0,123.5999984741211,239.60000610351562
427.0,70001.0,35.900001525878906,139.89999389648438
486.0,80001.0,93.5,197.5
547.0,90001.0,87.0999984741211,198.60000610351562
619.0,100001.0,58.29999923706055,163.3000030517578
680.0,110001.0,76.5999984741211,186.60000610351562
747.0,120001.0,39.900001525878906,142.89999389648438
806.0,130001.0,59.900001525878906,166.39999389648438
869.0,140001.0,44.099998474121094,147.60000610351562
920.0,150001.0,112.30000305175781,222.3000030517578
987.0,160001.0,11.300000190734863,113.80000305175781
1040.0,170001.0,156.0,286.0
1102.0,180001.0,53.900001525878906,164.39999389648438
1154.0,190001.0,108.4000015258789,217.39999389648438
1210.0,200001.0,92.4000015258789,209.89999389648438
1270.0,210001.0,69.19999694824219,174.6999969482422
1328.0,220001.0,51.599998474121094,161.60000610351562
1385.0,230001.0,115.80000305175781,227.3000030517578
1446.0,240001.0,104.0,213.5
1513.0,250001.0,33.29999923706055,137.8000030517578
1578.0,260001.0,29.600000381469727,133.10000610351562
1653.0,270001.0,22.600000381469727,125.5999984741211
1731.0,280001.0,62.099998474121094,167.60000610351562
1799.0,290001.0,26.5,132.0
1852.0,300001.0,28.0,135.0
1908.0,310001.0,76.30000305175781,189.8000030517578
1968.0,320001.0,103.5999984741211,217.10000610351562
2021.0,330001.0,46.20000076293945,153.1999969482422
2065.0,340001.0,169.10000610351562,284.6000061035156
2127.0,350001.0,29.799999237060547,132.3000030517578
2178.0,360001.0,66.0,181.0
2251.0,370001.0,-1.899999976158142,101.0999984741211
2335.0,380001.0,-2.299999952316284,101.19999694824219
2413.0,390001.0,10.100000381469727,113.0999984741211
2494.0,400001.0,16.600000381469727,123.5999984741211
2578.0,410001.0,18.600000381469727,122.0999984741211
2657.0,420001.0,64.0999984741211,178.10000610351562
2733.0,430001.0,15.0,118.5
2815.0,440001.0,13.699999809265137,120.19999694824219
2880.0,450001.0,15.699999809265137,119.69999694824219
2949.0,460001.0,12.399999618530273,116.9000015258789
3016.0,470001.0,11.199999809265137,115.19999694824219
3087.0,480001.0,24.200000762939453,130.1999969482422
3152.0,490001.0,28.5,135.5
3211.0,500001.0,72.30000305175781,182.3000030517578
3280.0,510001.0,12.300000190734863,115.30000305175781
3356.0,520001.0,32.900001525878906,136.89999389648438
3422.0,530001.0,48.79999923706055,159.8000030517578
3488.0,540001.0,4.599999904632568,109.0999984741211
3557.0,550001.0,45.70000076293945,152.1999969482422
3619.0,560001.0,68.30000305175781,175.3000030517578
3682.0,570001.0,52.400001525878906,166.39999389648438
3744.0,580001.0,31.399999618530273,137.89999389648438
3804.0,590001.0,26.899999618530273,133.39999389648438
3876.0,600001.0,88.4000015258789,209.89999389648438
3926.0,610001.0,119.80000305175781,247.8000030517578
3992.0,620001.0,80.4000015258789,196.39999389648438
4053.0,630001.0,32.0,139.5
4113.0,640001.0,62.900001525878906,174.89999389648438
4188.0,650001.0,13.300000190734863,119.80000305175781
4267.0,660001.0,24.600000381469727,129.60000610351562
4329.0,670001.0,72.30000305175781,182.8000030517578
4392.0,680001.0,42.0,151.5
4447.0,690001.0,35.099998474121094,146.60000610351562
4512.0,700001.0,29.600000381469727,137.60000610351562
4573.0,710001.0,61.0,172.5
4632.0,720001.0,90.5999984741211,218.10000610351562
4691.0,730001.0,37.5,145.0
4754.0,740001.0,73.80000305175781,190.3000030517578
4823.0,750001.0,25.700000762939453,131.1999969482422
4903.0,760001.0,33.5,140.0
4978.0,770001.0,28.399999618530273,131.39999389648438
5044.0,780001.0,62.79999923706055,172.8000030517578
5117.0,790001.0,58.099998474121094,166.60000610351562
5178.0,800001.0,35.70000076293945,142.1999969482422
5248.0,810001.0,49.79999923706055,159.8000030517578
5328.0,820001.0,14.699999809265137,122.69999694824219
5382.0,830001.0,38.0,144.0
5449.0,840001.0,28.200000762939453,133.1999969482422
5521.0,850001.0,32.70000076293945,139.6999969482422
5583.0,860001.0,45.79999923706055,151.3000030517578
5634.0,870001.0,114.4000015258789,226.89999389648438
5693.0,880001.0,43.20000076293945,149.6999969482422
5758.0,890001.0,80.0,190.0
5818.0,900001.0,1.100000023841858,106.5999984741211
5878.0,910001.0,61.29999923706055,175.8000030517578
5951.0,920001.0,34.099998474121094,141.60000610351562
6016.0,930001.0,54.29999923706055,159.8000030517578
6073.0,940001.0,105.80000305175781,231.8000030517578
6128.0,950001.0,47.5,153.0
6193.0,960001.0,23.0,127.0
6245.0,970001.0,25.600000381469727,130.10000610351562
6307.0,980001.0,23.399999618530273,125.4000015258789
6362.0,990001.0,39.5,144.5
6423.0,1000001.0,34.5,143.5
6497.0,1010001.0,57.70000076293945,165.1999969482422
6566.0,1020001.0,26.399999618530273,131.39999389648438
6625.0,1030001.0,57.5,170.5
6691.0,1040001.0,76.9000015258789,188.89999389648438
6741.0,1050001.0,102.80000305175781,222.3000030517578
6791.0,1060001.0,104.0,224.5
6848.0,1070001.0,70.5,203.0
6918.0,1080001.0,13.300000190734863,120.30000305175781
6977.0,1090001.0,97.80000305175781,219.8000030517578
7024.0,1100001.0,105.5,221.0
7073.0,1110001.0,21.200000762939453,128.6999969482422
7139.0,1120001.0,60.900001525878906,174.89999389648438
7184.0,1130001.0,143.60000610351562,273.6000061035156
7244.0,1140001.0,32.400001525878906,142.89999389648438
7313.0,1150001.0,72.5999984741211,187.60000610351562
7384.0,1160001.0,14.199999809265137,122.69999694824219
7434.0,1170001.0,139.6999969482422,267.70001220703125
7499.0,1180001.0,27.200000762939453,133.1999969482422
7568.0,1190001.0,76.80000305175781,199.8000030517578
7614.0,1200001.0,65.5,190.5
7683.0,1210001.0,62.900001525878906,180.89999389648438
7755.0,1220001.0,98.5,236.0
7799.0,1230001.0,92.5,218.5
7855.0,1240001.0,75.5,222.5
7905.0,1250001.0,76.0,205.0
7956.0,1260001.0,36.70000076293945,147.6999969482422
8021.0,1270001.0,4.800000190734863,115.80000305175781
8072.0,1280001.0,94.80000305175781,219.3000030517578
8120.0,1290001.0,96.69999694824219,231.6999969482422
8167.0,1300001.0,66.0999984741211,200.10000610351562
8217.0,1310001.0,70.0,186.5
8270.0,1320001.0,29.100000381469727,149.10000610351562
8329.0,1330001.0,52.5,171.0
8407.0,1340001.0,23.5,129.5
8474.0,1350001.0,35.099998474121094,148.10000610351562
8531.0,1360001.0,43.79999923706055,178.8000030517578
8580.0,1370001.0,63.29999923706055,176.8000030517578
8626.0,1380001.0,59.599998474121094,188.60000610351562
8675.0,1390001.0,62.5,195.0
8735.0,1400001.0,-15.100000381469727,111.9000015258789
8794.0,1410001.0,32.400001525878906,154.89999389648438
8860.0,1420001.0,24.899999618530273,149.89999389648438
8915.0,1430001.0,8.699999809265137,128.6999969482422
8977.0,1440001.0,34.099998474121094,171.60000610351562
9032.0,1450001.0,36.900001525878906,167.89999389648438
9087.0,1460001.0,57.900001525878906,207.39999389648438
9151.0,1470001.0,28.600000381469727,155.60000610351562
9209.0,1480001.0,55.79999923706055,198.3000030517578
9274.0,1490001.0,10.0,132.5
9338.0,1500001.0,50.099998474121094,172.60000610351562
9393.0,1510001.0,39.099998474121094,181.10000610351562
9456.0,1520001.0,27.100000381469727,159.10000610351562
9524.0,1530001.0,17.100000381469727,146.10000610351562
9591.0,1540001.0,34.0,165.5
9656.0,1550001.0,0.20000000298023224,123.19999694824219
9732.0,1560001.0,16.100000381469727,148.60000610351562
9803.0,1570001.0,9.800000190734863,147.8000030517578
9876.0,1580001.0,23.0,174.0
9945.0,1590001.0,-21.5,125.0
10008.0,1600001.0,-1.899999976158142,131.60000610351562
10078.0,1610001.0,8.0,163.5
10152.0,1620001.0,-7.900000095367432,121.0999984741211
10225.0,1630001.0,3.0999999046325684,169.10000610351562
10301.0,1640001.0,-25.100000381469727,114.4000015258789
10368.0,1650001.0,-9.800000190734863,152.1999969482422
10429.0,1660001.0,-17.700000762939453,136.3000030517578
10487.0,1670001.0,-4.800000190734863,148.6999969482422
10548.0,1680001.0,-10.100000381469727,170.89999389648438
10602.0,1690001.0,-9.300000190734863,150.6999969482422
10657.0,1700001.0,36.0,228.0
10709.0,1710001.0,1.399999976158142,180.39999389648438
10756.0,1720001.0,36.79999923706055,244.3000030517578
10808.0,1730001.0,45.5,204.0
10852.0,1740001.0,48.599998474121094,239.10000610351562
10894.0,1750001.0,46.29999923706055,204.3000030517578
10942.0,1760001.0,26.899999618530273,212.89999389648438
10991.0,1770001.0,32.099998474121094,208.10000610351562
11033.0,1780001.0,63.79999923706055,238.8000030517578
11078.0,1790001.0,76.5,247.5
11119.0,1800001.0,71.5999984741211,219.60000610351562
11161.0,1810001.0,89.0999984741211,272.6000061035156
11204.0,1820001.0,101.80000305175781,260.79998779296875
11247.0,1830001.0,69.19999694824219,216.1999969482422
11279.0,1840001.0,130.89999389648438,296.3999938964844
11318.0,1850001.0,74.5999984741211,230.10000610351562
11357.0,1860001.0,58.70000076293945,193.1999969482422
11396.0,1870001.0,78.5999984741211,227.10000610351562
11431.0,1880001.0,87.30000305175781,234.3000030517578
11465.0,1890001.0,140.6999969482422,320.70001220703125
11502.0,1900001.0,92.5999984741211,259.6000061035156
11533.0,1910001.0,126.69999694824219,289.20001220703125
11565.0,1920001.0,150.39999389648438,328.8999938964844
11598.0,1930001.0,118.69999694824219,278.70001220703125
11631.0,1940001.0,158.39999389648438,321.8999938964844
11665.0,1950001.0,129.60000610351562,298.1000061035156
11694.0,1960001.0,132.10000610351562,288.6000061035156
11724.0,1970001.0,109.80000305175781,265.29998779296875
11755.0,1980001.0,206.5,360.5
11785.0,1990001.0,194.1999969482422,351.20001220703125
11814.0,2000001.0,196.5,340.0
11844.0,2010001.0,184.3000030517578,354.79998779296875
11870.0,2020001.0,198.8000030517578,350.29998779296875
11902.0,2030001.0,170.60000610351562,322.1000061035156
11931.0,2040001.0,160.8000030517578,326.79998779296875
11961.0,2050001.0,187.89999389648438,357.8999938964844
11989.0,2060001.0,161.1999969482422,311.20001220703125
12021.0,2070001.0,139.6999969482422,313.20001220703125
12050.0,2080001.0,219.1999969482422,404.20001220703125
12079.0,2090001.0,200.89999389648438,379.8999938964844
12108.0,2100001.0,192.8000030517578,336.79998779296875
12134.0,2110001.0,232.6999969482422,406.20001220703125
12163.0,2120001.0,184.10000610351562,341.1000061035156
12194.0,2130001.0,180.5,341.0
12220.0,2140001.0,203.89999389648438,396.3999938964844
12248.0,2150001.0,152.8000030517578,306.29998779296875
12277.0,2160001.0,206.5,373.0
12303.0,2170001.0,231.5,383.5
12332.0,2180001.0,151.3000030517578,302.29998779296875
12357.0,2190001.0,192.8000030517578,346.79998779296875
12384.0,2200001.0,216.0,362.0
12414.0,2210001.0,190.6999969482422,338.20001220703125
12441.0,2220001.0,233.5,411.0
12469.0,2230001.0,200.1999969482422,361.70001220703125
12498.0,2240001.0,181.5,327.0
12523.0,2250001.0,197.5,348.5
12550.0,2260001.0,231.8000030517578,376.79998779296875
12571.0,2270001.0,289.20001220703125,443.20001220703125
12597.0,2280001.0,213.10000610351562,381.6000061035156
12625.0,2290001.0,196.1999969482422,356.20001220703125
12651.0,2300001.0,245.8000030517578,417.29998779296875
12676.0,2310001.0,267.29998779296875,432.79998779296875
12701.0,2320001.0,200.5,353.0
12730.0,2330001.0,190.10000610351562,342.6000061035156
12755.0,2340001.0,183.89999389648438,348.8999938964844
12782.0,2350001.0,182.39999389648438,327.3999938964844
12807.0,2360001.0,265.20001220703125,435.20001220703125
12836.0,2370001.0,208.8000030517578,361.79998779296875
12861.0,2380001.0,247.8000030517578,417.79998779296875
12887.0,2390001.0,225.8000030517578,370.29998779296875
12914.0,2400001.0,233.6999969482422,382.20001220703125
12940.0,2410001.0,239.6999969482422,398.20001220703125
12966.0,2420001.0,263.29998779296875,414.29998779296875
12989.0,2430001.0,219.1999969482422,365.20001220703125
13011.0,2440001.0,347.8999938964844,543.4000244140625
13036.0,2450001.0,260.29998779296875,417.29998779296875
13062.0,2460001.0,202.10000610351562,349.6000061035156
13088.0,2470001.0,238.89999389648438,408.3999938964844
13113.0,2480001.0,208.89999389648438,359.8999938964844
13139.0,2490001.0,273.29998779296875,451.29998779296875
13168.0,2500001.0,171.6999969482422,321.20001220703125
13194.0,2510001.0,221.6999969482422,381.70001220703125
13221.0,2520001.0,236.10000610351562,413.6000061035156
13247.0,2530001.0,196.10000610351562,344.1000061035156
13276.0,2540001.0,149.39999389648438,286.3999938964844
13302.0,2550001.0,216.5,405.0
13329.0,2560001.0,179.39999389648438,324.8999938964844
13356.0,2570001.0,215.3000030517578,369.79998779296875
13383.0,2580001.0,257.1000061035156,400.6000061035156
13408.0,2590001.0,154.1999969482422,293.20001220703125
13429.0,2600001.0,314.1000061035156,480.1000061035156
13451.0,2610001.0,283.70001220703125,453.20001220703125
13474.0,2620001.0,293.1000061035156,470.6000061035156
13500.0,2630001.0,253.60000610351562,396.1000061035156
13525.0,2640001.0,256.6000061035156,412.1000061035156
13549.0,2650001.0,231.5,380.0
13574.0,2660001.0,252.60000610351562,412.6000061035156
13597.0,2670001.0,254.0,404.5
13621.0,2680001.0,277.0,431.5
13645.0,2690001.0,264.0,432.0
13667.0,2700001.0,241.89999389648438,404.8999938964844
13691.0,2710001.0,220.60000610351562,372.1000061035156
13714.0,2720001.0,289.70001220703125,452.70001220703125
13736.0,2730001.0,294.79998779296875,470.29998779296875
13763.0,2740001.0,226.6999969482422,365.20001220703125
13787.0,2750001.0,232.39999389648438,380.3999938964844
13810.0,2760001.0,301.6000061035156,453.1000061035156
13831.0,2770001.0,289.0,438.5
13852.0,2780001.0,333.3999938964844,486.3999938964844
13876.0,2790001.0,250.89999389648438,401.3999938964844
13902.0,2800001.0,267.70001220703125,411.70001220703125
13923.0,2810001.0,284.0,443.0
13947.0,2820001.0,282.20001220703125,434.70001220703125
13974.0,2830001.0,241.3000030517578,384.29998779296875
13997.0,2840001.0,272.79998779296875,437.29998779296875
14024.0,2850001.0,238.60000610351562,392.1000061035156
14055.0,2860001.0,178.3000030517578,314.79998779296875
14079.0,2870001.0,252.89999389648438,398.8999938964844
14106.0,2880001.0,241.3000030517578,385.79998779296875
14132.0,2890001.0,226.8000030517578,373.79998779296875
14156.0,2900001.0,216.0,368.5
14184.0,2910001.0,185.5,329.5
14210.0,2920001.0,212.1999969482422,360.70001220703125
14240.0,2930001.0,219.1999969482422,376.20001220703125
14266.0,2940001.0,166.5,312.0
14291.0,2950001.0,232.5,380.5
14320.0,2960001.0,222.6999969482422,371.20001220703125
14346.0,2970001.0,215.0,369.0
14371.0,2980001.0,180.39999389648438,328.8999938964844
14394.0,2990001.0,281.0,449.0
14419.0,3000001.0,249.8000030517578,400.29998779296875
14445.0,3010001.0,178.5,329.5
14469.0,3020001.0,253.3000030517578,403.79998779296875
14497.0,3030001.0,276.8999938964844,432.3999938964844
14522.0,3040001.0,218.1999969482422,371.20001220703125
14548.0,3050001.0,256.1000061035156,401.6000061035156
14574.0,3060001.0,250.1999969482422,393.20001220703125
14599.0,3070001.0,301.5,450.0
14621.0,3080001.0,286.8999938964844,444.3999938964844
14645.0,3090001.0,296.5,446.0
14667.0,3100001.0,325.20001220703125,499.20001220703125
14692.0,3110001.0,218.0,359.5
14715.0,3120001.0,291.3999938964844,434.8999938964844
14741.0,3130001.0,162.0,295.0
14766.0,3140001.0,251.1999969482422,394.20001220703125
14792.0,3150001.0,209.89999389648438,359.3999938964844
14821.0,3160001.0,247.5,390.5
14847.0,3170001.0,250.1999969482422,417.20001220703125
14872.0,3180001.0,208.5,354.0
14901.0,3190001.0,177.8000030517578,315.29998779296875
14930.0,3200001.0,147.3000030517578,303.79998779296875
14960.0,3210001.0,166.39999389648438,301.3999938964844
14983.0,3220001.0,237.0,399.0
15006.0,3230001.0,249.10000610351562,396.6000061035156
15035.0,3240001.0,220.3000030517578,365.79998779296875
15068.0,3250001.0,147.0,290.5
15097.0,3260001.0,215.89999389648438,360.3999938964844
15122.0,3270001.0,276.5,419.5
15151.0,3280001.0,193.3000030517578,325.29998779296875
15177.0,3290001.0,182.10000610351562,351.6000061035156
15205.0,3300001.0,204.8000030517578,345.79998779296875
15229.0,3310001.0,219.1999969482422,383.70001220703125
15255.0,3320001.0,227.89999389648438,394.3999938964844
15285.0,3330001.0,135.60000610351562,295.1000061035156
15312.0,3340001.0,260.5,411.5
15340.0,3350001.0,218.89999389648438,366.8999938964844
15371.0,3360001.0,162.60000610351562,305.6000061035156
15396.0,3370001.0,248.3000030517578,413.79998779296875
15424.0,3380001.0,209.89999389648438,354.3999938964844
15453.0,3390001.0,159.60000610351562,318.1000061035156
15485.0,3400001.0,152.1999969482422,303.20001220703125
15515.0,3410001.0,250.3000030517578,404.79998779296875
15544.0,3420001.0,193.10000610351562,339.1000061035156
15569.0,3430001.0,210.6999969482422,377.70001220703125
15595.0,3440001.0,269.29998779296875,450.29998779296875
15621.0,3450001.0,265.29998779296875,443.29998779296875
15644.0,3460001.0,247.8000030517578,411.79998779296875
15672.0,3470001.0,185.89999389648438,326.3999938964844
15699.0,3480001.0,190.39999389648438,359.8999938964844
15725.0,3490001.0,208.39999389648438,354.3999938964844
15755.0,3500001.0,226.5,393.0
15780.0,3510001.0,240.8000030517578,400.79998779296875
15806.0,3520001.0,217.3000030517578,376.29998779296875
15831.0,3530001.0,250.8000030517578,415.29998779296875
15856.0,3540001.0,158.0,291.0
15885.0,3550001.0,203.5,338.0
15910.0,3560001.0,203.6999969482422,349.20001220703125
15937.0,3570001.0,208.60000610351562,355.6000061035156
15961.0,3580001.0,165.60000610351562,327.6000061035156
15988.0,3590001.0,221.39999389648438,375.3999938964844
16015.0,3600001.0,289.3999938964844,466.8999938964844
16039.0,3610001.0,287.20001220703125,439.70001220703125
16064.0,3620001.0,233.89999389648438,389.8999938964844
16090.0,3630001.0,207.5,372.5
16112.0,3640001.0,177.39999389648438,309.8999938964844
16137.0,3650001.0,271.5,425.5
16161.0,3660001.0,299.8999938964844,450.3999938964844
16190.0,3670001.0,192.0,326.0
16219.0,3680001.0,208.1999969482422,350.70001220703125
16242.0,3690001.0,262.29998779296875,424.79998779296875
16265.0,3700001.0,252.3000030517578,405.79998779296875
16295.0,3710001.0,186.6999969482422,338.70001220703125
16318.0,3720001.0,242.6999969482422,387.20001220703125
16339.0,3730001.0,265.6000061035156,439.6000061035156
16363.0,3740001.0,280.0,425.0
16383.0,3750001.0,348.1000061035156,515.5999755859375
16405.0,3760001.0,306.6000061035156,454.6000061035156
16430.0,3770001.0,260.6000061035156,411.6000061035156
16454.0,3780001.0,324.3999938964844,509.3999938964844
16476.0,3790001.0,353.5,527.0
16498.0,3800001.0,314.6000061035156,479.6000061035156
16517.0,3810001.0,436.0,613.0
16539.0,3820001.0,257.29998779296875,400.79998779296875
16563.0,3830001.0,242.5,394.5
16587.0,3840001.0,236.39999389648438,375.8999938964844
16616.0,3850001.0,175.1999969482422,330.20001220703125
16638.0,3860001.0,264.0,415.5
16661.0,3870001.0,288.8999938964844,440.8999938964844
16684.0,3880001.0,295.3999938964844,433.3999938964844
16707.0,3890001.0,256.79998779296875,415.79998779296875
16729.0,3900001.0,366.3999938964844,536.4000244140625
16748.0,3910001.0,331.70001220703125,504.70001220703125
16769.0,3920001.0,285.79998779296875,445.29998779296875
16792.0,3930001.0,315.5,493.5
16816.0,3940001.0,279.1000061035156,427.6000061035156
16839.0,3950001.0,291.70001220703125,469.20001220703125
16865.0,3960001.0,289.5,445.5
16887.0,3970001.0,275.3999938964844,438.3999938964844
16908.0,3980001.0,330.79998779296875,486.29998779296875
16930.0,3990001.0,321.29998779296875,500.79998779296875
16952.0,4000001.0,321.0,496.5
16972.0,4010001.0,401.1000061035156,561.0999755859375
16993.0,4020001.0,329.20001220703125,496.20001220703125
17013.0,4030001.0,339.5,482.0
17038.0,4040001.0,223.0,380.5
17061.0,4050001.0,313.29998779296875,487.29998779296875
17084.0,4060001.0,310.1000061035156,463.6000061035156
17108.0,4070001.0,324.8999938964844,484.8999938964844
17130.0,4080001.0,287.70001220703125,431.70001220703125
17151.0,4090001.0,266.1000061035156,409.1000061035156
17170.0,4100001.0,428.3999938964844,597.9000244140625
17190.0,4110001.0,367.0,546.5
17212.0,4120001.0,290.8999938964844,449.3999938964844
17233.0,4130001.0,319.8999938964844,482.8999938964844
17254.0,4140001.0,267.70001220703125,423.20001220703125
17274.0,4150001.0,424.70001220703125,578.2000122070312
17296.0,4160001.0,286.1000061035156,432.1000061035156
17320.0,4170001.0,264.6000061035156,429.1000061035156
17345.0,4180001.0,283.3999938964844,442.3999938964844
17366.0,4190001.0,313.3999938964844,458.8999938964844
17391.0,4200001.0,242.3000030517578,384.79998779296875
17411.0,4210001.0,321.5,488.0
17432.0,4220001.0,307.6000061035156,460.6000061035156
17452.0,4230001.0,348.29998779296875,519.7999877929688
17474.0,4240001.0,294.29998779296875,441.79998779296875
17501.0,4250001.0,188.89999389648438,337.3999938964844
17522.0,4260001.0,374.0,553.5
17544.0,4270001.0,344.3999938964844,508.3999938964844
17568.0,4280001.0,215.89999389648438,369.3999938964844
17591.0,4290001.0,177.1999969482422,327.70001220703125
17612.0,4300001.0,311.1000061035156,491.1000061035156
17638.0,4310001.0,245.6999969482422,391.70001220703125
17663.0,4320001.0,193.5,338.0
17690.0,4330001.0,220.10000610351562,365.1000061035156
17710.0,4340001.0,353.3999938964844,516.9000244140625
17734.0,4350001.0,236.10000610351562,373.6000061035156
17756.0,4360001.0,298.29998779296875,453.29998779296875
17775.0,4370001.0,305.79998779296875,455.29998779296875
17796.0,4380001.0,322.6000061035156,484.1000061035156
17814.0,4390001.0,313.0,475.0
17838.0,4400001.0,251.60000610351562,392.1000061035156
17862.0,4410001.0,284.20001220703125,441.70001220703125
17882.0,4420001.0,380.0,550.5
17906.0,4430001.0,184.8000030517578,315.79998779296875
17929.0,4440001.0,291.3999938964844,452.3999938964844
17951.0,4450001.0,325.8999938964844,480.8999938964844
17972.0,4460001.0,333.8999938964844,493.3999938964844
17993.0,4470001.0,254.10000610351562,392.1000061035156
18015.0,4480001.0,251.1999969482422,397.70001220703125
18038.0,4490001.0,265.5,432.0
18059.0,4500001.0,311.3999938964844,481.8999938964844
18085.0,4510001.0,235.1999969482422,388.20001220703125
18113.0,4520001.0,284.8999938964844,430.8999938964844
18135.0,4530001.0,279.0,433.0
18158.0,4540001.0,379.5,551.0
18181.0,4550001.0,301.70001220703125,481.70001220703125
18206.0,4560001.0,207.8000030517578,353.29998779296875
18231.0,4570001.0,224.8000030517578,370.29998779296875
18258.0,4580001.0,244.89999389648438,388.8999938964844
18283.0,4590001.0,232.8000030517578,394.79998779296875
18308.0,4600001.0,279.6000061035156,436.6000061035156
18333.0,4610001.0,191.3000030517578,343.79998779296875
18357.0,4620001.0,203.89999389648438,379.3999938964844
18382.0,4630001.0,303.79998779296875,467.29998779296875
18402.0,4640001.0,291.1000061035156,447.6000061035156
18425.0,4650001.0,225.5,371.0
18452.0,4660001.0,252.39999389648438,400.8999938964844
18476.0,4670001.0,281.6000061035156,430.6000061035156
18500.0,4680001.0,271.79998779296875,424.29998779296875
18523.0,4690001.0,308.70001220703125,454.20001220703125
18547.0,4700001.0,232.0,395.5
18571.0,4710001.0,257.5,413.5
18593.0,4720001.0,348.20001220703125,508.20001220703125
18621.0,4730001.0,138.89999389648438,274.3999938964844
18650.0,4740001.0,135.89999389648438,265.8999938964844
18676.0,4750001.0,235.10000610351562,383.6000061035156
18698.0,4760001.0,207.6999969482422,348.70001220703125
18725.0,4770001.0,186.89999389648438,321.8999938964844
18751.0,4780001.0,178.1999969482422,313.70001220703125
18772.0,4790001.0,304.20001220703125,457.20001220703125
18798.0,4800001.0,235.1999969482422,378.20001220703125
18824.0,4810001.0,210.6999969482422,356.70001220703125
18847.0,4820001.0,274.1000061035156,431.1000061035156
18876.0,4830001.0,218.3000030517578,348.29998779296875
18904.0,4840001.0,183.5,325.5
18930.0,4850001.0,186.3000030517578,327.29998779296875
18951.0,4860001.0,351.3999938964844,512.4000244140625
18974.0,4870001.0,269.20001220703125,417.70001220703125
18996.0,4880001.0,296.20001220703125,449.70001220703125
19023.0,4890001.0,199.89999389648438,344.8999938964844
19048.0,4900001.0,185.0,337.0
19069.0,4910001.0,311.1000061035156,462.1000061035156
19088.0,4920001.0,369.8999938964844,534.9000244140625
19111.0,4930001.0,280.79998779296875,436.79998779296875
19133.0,4940001.0,295.0,440.5
19154.0,4950001.0,311.5,455.0
19177.0,4960001.0,285.70001220703125,431.70001220703125
19203.0,4970001.0,274.70001220703125,434.20001220703125
19226.0,4980001.0,283.20001220703125,421.70001220703125
19250.0,4990001.0,349.70001220703125,515.7000122070312
19275.0,5000001.0,278.70001220703125,423.20001220703125
19298.0,5010001.0,289.0,437.0
19323.0,5020001.0,211.10000610351562,354.6000061035156
19346.0,5030001.0,369.6000061035156,532.5999755859375
19367.0,5040001.0,335.29998779296875,506.29998779296875
19391.0,5050001.0,250.6999969482422,395.70001220703125
19416.0,5060001.0,162.8000030517578,297.79998779296875
19440.0,5070001.0,252.6999969482422,413.20001220703125
19466.0,5080001.0,257.6000061035156,394.1000061035156
19493.0,5090001.0,219.6999969482422,359.20001220703125
19520.0,5100001.0,187.1999969482422,317.70001220703125
19544.0,5110001.0,316.5,479.5
19570.0,5120001.0,225.3000030517578,369.29998779296875
19589.0,5130001.0,294.0,439.0
19612.0,5140001.0,248.60000610351562,392.6000061035156
19637.0,5150001.0,220.6999969482422,375.20001220703125
19663.0,5160001.0,246.1999969482422,383.20001220703125
19687.0,5170001.0,265.6000061035156,400.6000061035156
19707.0,5180001.0,404.70001220703125,571.2000122070312
19731.0,5190001.0,291.8999938964844,444.8999938964844
19752.0,5200001.0,322.20001220703125,463.20001220703125
19772.0,5210001.0,283.8999938964844,428.8999938964844
19791.0,5220001.0,418.5,587.5
19813.0,5230001.0,311.79998779296875,465.79998779296875
19832.0,5240001.0,299.3999938964844,447.3999938964844
19852.0,5250001.0,354.20001220703125,540.7000122070312
19873.0,5260001.0,355.70001220703125,503.70001220703125
19894.0,5270001.0,369.3999938964844,540.9000244140625
19918.0,5280001.0,316.70001220703125,471.20001220703125
19941.0,5290001.0,280.70001220703125,429.20001220703125
19965.0,5300001.0,244.1999969482422,381.70001220703125
19989.0,5310001.0,261.0,402.0
20014.0,5320001.0,237.1999969482422,367.70001220703125
20036.0,5330001.0,273.3999938964844,410.3999938964844
20057.0,5340001.0,417.6000061035156,565.0999755859375
20079.0,5350001.0,336.1000061035156,486.1000061035156
20102.0,5360001.0,273.5,421.5
20124.0,5370001.0,302.8999938964844,450.3999938964844
20148.0,5380001.0,215.1999969482422,349.20001220703125
20171.0,5390001.0,332.20001220703125,463.20001220703125
20191.0,5400001.0,350.5,508.5
20214.0,5410001.0,320.79998779296875,477.29998779296875
20237.0,5420001.0,313.1000061035156,462.6000061035156
20263.0,5430001.0,235.10000610351562,375.1000061035156
20283.0,5440001.0,310.70001220703125,456.70001220703125
20305.0,5450001.0,347.29998779296875,523.2999877929688
20325.0,5460001.0,249.39999389648438,393.8999938964844
20348.0,5470001.0,294.0,435.0
20370.0,5480001.0,301.1000061035156,472.6000061035156
20392.0,5490001.0,278.0,441.5
20414.0,5500001.0,294.3999938964844,443.3999938964844
20436.0,5510001.0,315.3999938964844,457.8999938964844
20457.0,5520001.0,326.70001220703125,482.70001220703125
20479.0,5530001.0,344.70001220703125,492.20001220703125
20502.0,5540001.0,283.6000061035156,419.6000061035156
20524.0,5550001.0,298.5,447.0
20548.0,5560001.0,244.0,403.0
20569.0,5570001.0,310.3999938964844,477.8999938964844
20589.0,5580001.0,351.8999938964844,518.4000244140625
20615.0,5590001.0,319.20001220703125,477.20001220703125
20638.0,5600001.0,243.89999389648438,397.3999938964844
20660.0,5610001.0,285.0,434.5
20682.0,5620001.0,365.20001220703125,528.2000122070312
20707.0,5630001.0,251.10000610351562,398.1000061035156
20731.0,5640001.0,205.89999389648438,344.3999938964844
20756.0,5650001.0,238.1999969482422,383.70001220703125
20787.0,5660001.0,165.5,298.0
20813.0,5670001.0,185.60000610351562,356.1000061035156
20836.0,5680001.0,306.20001220703125,470.70001220703125
20860.0,5690001.0,324.5,464.5
20884.0,5700001.0,223.6999969482422,360.70001220703125
20907.0,5710001.0,177.3000030517578,301.29998779296875
20930.0,5720001.0,299.6000061035156,439.1000061035156
20955.0,5730001.0,280.29998779296875,424.79998779296875
20977.0,5740001.0,327.8999938964844,480.8999938964844
21002.0,5750001.0,280.29998779296875,420.79998779296875
21027.0,5760001.0,270.20001220703125,434.20001220703125
21053.0,5770001.0,256.79998779296875,401.79998779296875
21073.0,5780001.0,317.79998779296875,471.29998779296875
21095.0,5790001.0,220.60000610351562,365.6000061035156
21124.0,5800001.0,308.20001220703125,464.70001220703125
21150.0,5810001.0,265.20001220703125,407.20001220703125
21178.0,5820001.0,193.89999389648438,326.3999938964844
21204.0,5830001.0,182.0,305.5
21230.0,5840001.0,257.5,389.0
21259.0,5850001.0,217.6999969482422,358.20001220703125
21288.0,5860001.0,199.8000030517578,331.29998779296875
21314.0,5870001.0,274.0,417.5
21335.0,5880001.0,324.0,474.5
21358.0,5890001.0,228.10000610351562,371.1000061035156
21377.0,5900001.0,400.8999938964844,559.4000244140625
21397.0,5910001.0,341.5,503.0
21420.0,5920001.0,269.5,406.0
21441.0,5930001.0,275.6000061035156,406.1000061035156
21460.0,5940001.0,388.6000061035156,544.5999755859375
21479.0,5950001.0,398.29998779296875,536.7999877929688
21505.0,5960001.0,321.3999938964844,466.8999938964844
21525.0,5970001.0,371.5,519.5
21546.0,5980001.0,343.8999938964844,492.8999938964844
21568.0,5990001.0,285.8999938964844,438.8999938964844
21591.0,6000001.0,285.3999938964844,422.8999938964844
21616.0,6010001.0,318.8999938964844,461.3999938964844
21640.0,6020001.0,290.79998779296875,425.79998779296875
21662.0,6030001.0,286.0,424.5
21687.0,6040001.0,237.6999969482422,371.20001220703125
21711.0,6050001.0,245.6999969482422,374.70001220703125
21732.0,6060001.0,335.20001220703125,498.20001220703125
21753.0,6070001.0,348.0,484.5
21776.0,6080001.0,313.0,440.5
21798.0,6090001.0,349.20001220703125,493.70001220703125
21819.0,6100001.0,356.70001220703125,504.70001220703125
21841.0,6110001.0,290.70001220703125,431.20001220703125
21861.0,6120001.0,374.29998779296875,517.2999877929688
21882.0,6130001.0,320.79998779296875,458.29998779296875
21904.0,6140001.0,314.8999938964844,440.3999938964844
21924.0,6150001.0,321.79998779296875,471.79998779296875
21946.0,6160001.0,318.70001220703125,451.20001220703125
21970.0,6170001.0,227.0,346.0
21993.0,6180001.0,289.29998779296875,416.79998779296875
22016.0,6190001.0,319.29998779296875,446.29998779296875
22039.0,6200001.0,286.5,429.0
22060.0,6210001.0,266.29998779296875,406.29998779296875
22083.0,6220001.0,312.70001220703125,441.20001220703125
22106.0,6230001.0,306.3999938964844,445.8999938964844
22130.0,6240001.0,297.70001220703125,438.70001220703125
22150.0,6250001.0,347.5,488.0
22172.0,6260001.0,339.8999938964844,477.8999938964844
22194.0,6270001.0,348.6000061035156,489.1000061035156
22217.0,6280001.0,285.1000061035156,412.1000061035156
22243.0,6290001.0,268.6000061035156,400.6000061035156
22266.0,6300001.0,252.3000030517578,376.79998779296875
22285.0,6310001.0,367.8999938964844,519.9000244140625
22310.0,6320001.0,309.3999938964844,445.8999938964844
22327.0,6330001.0,446.5,594.0
22347.0,6340001.0,353.3999938964844,490.3999938964844
22371.0,6350001.0,304.6000061035156,442.6000061035156
22392.0,6360001.0,381.20001220703125,517.7000122070312
22413.0,6370001.0,380.3999938964844,524.9000244140625
22434.0,6380001.0,326.0,464.0
22454.0,6390001.0,357.5,493.0
22475.0,6400001.0,306.1000061035156,441.1000061035156
22499.0,6410001.0,263.20001220703125,392.70001220703125
22521.0,6420001.0,255.3000030517578,385.29998779296875
22543.0,6430001.0,369.20001220703125,503.20001220703125
22566.0,6440001.0,236.5,376.0
22591.0,6450001.0,185.10000610351562,314.1000061035156
22614.0,6460001.0,301.1000061035156,453.1000061035156
22638.0,6470001.0,297.5,444.5
22665.0,6480001.0,257.79998779296875,403.79998779296875
22692.0,6490001.0,251.8000030517578,388.29998779296875
22715.0,6500001.0,245.8000030517578,370.79998779296875
22740.0,6510001.0,244.5,390.5
22765.0,6520001.0,260.79998779296875,411.79998779296875
22791.0,6530001.0,305.1000061035156,440.6000061035156
22815.0,6540001.0,325.0,474.5
22843.0,6550001.0,167.39999389648438,309.8999938964844
22867.0,6560001.0,325.79998779296875,466.29998779296875
22890.0,6570001.0,370.6000061035156,522.5999755859375
22913.0,6580001.0,257.5,398.0
22942.0,6590001.0,184.6999969482422,316.20001220703125
22967.0,6600001.0,248.0,403.5
22990.0,6610001.0,294.0,430.0
23010.0,6620001.0,274.79998779296875,434.29998779296875
23032.0,6630001.0,258.79998779296875,410.29998779296875
23055.0,6640001.0,194.1999969482422,343.70001220703125
23076.0,6650001.0,259.5,397.0
23099.0,6660001.0,306.79998779296875,441.79998779296875
23121.0,6670001.0,296.8999938964844,447.8999938964844
23147.0,6680001.0,257.79998779296875,411.29998779296875
23171.0,6690001.0,240.60000610351562,383.6000061035156
23193.0,6700001.0,350.29998779296875,497.79998779296875
23217.0,6710001.0,299.20001220703125,436.70001220703125
23240.0,6720001.0,307.0,454.5
23266.0,6730001.0,228.39999389648438,364.8999938964844
23289.0,6740001.0,240.10000610351562,394.6000061035156
23314.0,6750001.0,201.3000030517578,331.29998779296875
23337.0,6760001.0,299.79998779296875,444.79998779296875
23361.0,6770001.0,296.5,429.5
23385.0,6780001.0,260.0,392.5
23408.0,6790001.0,239.8000030517578,368.79998779296875
23430.0,6800001.0,308.29998779296875,450.29998779296875
23450.0,6810001.0,320.5,453.0
23470.0,6820001.0,345.29998779296875,493.29998779296875
23496.0,6830001.0,193.6999969482422,309.70001220703125
23522.0,6840001.0,223.0,349.5
23545.0,6850001.0,291.79998779296875,426.79998779296875
23566.0,6860001.0,371.1000061035156,524.0999755859375
23588.0,6870001.0,342.70001220703125,498.20001220703125
23612.0,6880001.0,344.1000061035156,504.1000061035156
23636.0,6890001.0,323.8999938964844,471.8999938964844
23658.0,6900001.0,311.3999938964844,461.3999938964844
23679.0,6910001.0,272.3999938964844,409.8999938964844
23698.0,6920001.0,362.1000061035156,530.5999755859375
23718.0,6930001.0,339.6000061035156,487.1000061035156
23738.0,6940001.0,332.70001220703125,482.70001220703125
23762.0,6950001.0,357.8999938964844,501.8999938964844
23788.0,6960001.0,276.29998779296875,397.79998779296875
23811.0,6970001.0,312.3999938964844,467.8999938964844
23836.0,6980001.0,216.1999969482422,355.20001220703125
23858.0,6990001.0,329.3999938964844,496.8999938964844
23884.0,7000001.0,296.3999938964844,443.3999938964844
23907.0,7010001.0,288.29998779296875,422.29998779296875
23933.0,7020001.0,280.5,428.5
23953.0,7030001.0,387.0,547.0
23979.0,7040001.0,243.10000610351562,395.6000061035156
24002.0,7050001.0,296.6000061035156,445.1000061035156
24025.0,7060001.0,309.6000061035156,468.6000061035156
24046.0,7070001.0,383.79998779296875,549.7999877929688
24067.0,7080001.0,335.5,482.0
24090.0,7090001.0,238.5,369.0
24107.0,7100001.0,402.8999938964844,555.4000244140625
24131.0,7110001.0,285.20001220703125,414.20001220703125
24158.0,7120001.0,287.20001220703125,423.70001220703125
24180.0,7130001.0,350.70001220703125,511.20001220703125
24205.0,7140001.0,164.10000610351562,292.6000061035156
24231.0,7150001.0,275.20001220703125,414.70001220703125
24251.0,7160001.0,286.3999938964844,434.3999938964844
24276.0,7170001.0,235.8000030517578,369.79998779296875
24299.0,7180001.0,329.1000061035156,469.1000061035156
24325.0,7190001.0,235.6999969482422,372.70001220703125
24348.0,7200001.0,318.8999938964844,448.8999938964844
24371.0,7210001.0,307.0,446.0
24398.0,7220001.0,245.5,385.0
24421.0,7230001.0,299.29998779296875,439.79998779296875
24446.0,7240001.0,238.8000030517578,374.79998779296875
24469.0,7250001.0,290.6000061035156,443.1000061035156
24492.0,7260001.0,344.70001220703125,491.70001220703125
24515.0,7270001.0,334.3999938964844,477.3999938964844
24539.0,7280001.0,266.20001220703125,410.20001220703125
24560.0,7290001.0,293.20001220703125,443.20001220703125
24582.0,7300001.0,320.29998779296875,466.79998779296875
24604.0,7310001.0,312.20001220703125,443.70001220703125
24628.0,7320001.0,292.29998779296875,439.29998779296875
24647.0,7330001.0,375.70001220703125,532.2000122070312
24670.0,7340001.0,309.20001220703125,464.70001220703125
24694.0,7350001.0,307.20001220703125,450.70001220703125
24718.0,7360001.0,245.60000610351562,385.6000061035156
24741.0,7370001.0,392.3999938964844,553.4000244140625
24762.0,7380001.0,207.3000030517578,341.79998779296875
24784.0,7390001.0,328.8999938964844,491.3999938964844
24807.0,7400001.0,292.8999938964844,439.3999938964844
24831.0,7410001.0,285.20001220703125,420.70001220703125
24858.0,7420001.0,288.70001220703125,433.20001220703125
24882.0,7430001.0,216.10000610351562,345.6000061035156
24903.0,7440001.0,255.8000030517578,393.79998779296875
24926.0,7450001.0,336.6000061035156,490.6000061035156
24946.0,7460001.0,415.6000061035156,557.5999755859375
24968.0,7470001.0,247.10000610351562,389.6000061035156
24991.0,7480001.0,277.1000061035156,427.6000061035156
25011.0,7490001.0,338.79998779296875,483.29998779296875
25030.0,7500001.0,336.1000061035156,475.1000061035156
25055.0,7510001.0,303.6000061035156,444.6000061035156
25081.0,7520001.0,254.1999969482422,379.20001220703125
25103.0,7530001.0,311.70001220703125,456.20001220703125
25126.0,7540001.0,235.8000030517578,366.29998779296875
25149.0,7550001.0,309.8999938964844,458.8999938964844
25177.0,7560001.0,261.3999938964844,402.8999938964844
25201.0,7570001.0,255.0,393.5
25226.0,7580001.0,226.60000610351562,358.1000061035156
25246.0,7590001.0,318.8999938964844,476.8999938964844
25267.0,7600001.0,246.60000610351562,381.1000061035156
25289.0,7610001.0,297.29998779296875,435.79998779296875
25312.0,7620001.0,296.3999938964844,444.8999938964844
25336.0,7630001.0,226.60000610351562,366.6000061035156
25359.0,7640001.0,352.5,506.0
25383.0,7650001.0,199.10000610351562,336.1000061035156
25405.0,7660001.0,267.70001220703125,410.20001220703125
25430.0,7670001.0,232.60000610351562,377.1000061035156
25454.0,7680001.0,264.1000061035156,424.6000061035156
25475.0,7690001.0,260.5,410.5
25499.0,7700001.0,269.79998779296875,407.29998779296875
25519.0,7710001.0,317.8999938964844,477.3999938964844
25541.0,7720001.0,216.0,365.0
25564.0,7730001.0,283.5,433.0
25593.0,7740001.0,277.29998779296875,419.79998779296875
25615.0,7750001.0,381.3999938964844,543.9000244140625
25639.0,7760001.0,216.89999389648438,345.8999938964844
25663.0,7770001.0,304.5,445.0
25690.0,7780001.0,203.1999969482422,342.20001220703125
25713.0,7790001.0,275.79998779296875,422.79998779296875
25734.0,7800001.0,372.20001220703125,518.7000122070312
25763.0,7810001.0,168.0,290.0
25785.0,7820001.0,308.1000061035156,465.1000061035156
25808.0,7830001.0,321.79998779296875,478.29998779296875
25832.0,7840001.0,215.1999969482422,357.20001220703125
25858.0,7850001.0,336.79998779296875,497.29998779296875
25883.0,7860001.0,248.6999969482422,395.20001220703125
25906.0,7870001.0,259.1000061035156,399.6000061035156
25931.0,7880001.0,251.5,379.0
25951.0,7890001.0,297.1000061035156,450.1000061035156
25978.0,7900001.0,205.60000610351562,340.1000061035156
26004.0,7910001.0,219.3000030517578,361.29998779296875
26029.0,7920001.0,286.1000061035156,432.6000061035156
26058.0,7930001.0,188.1999969482422,321.70001220703125
26083.0,7940001.0,264.20001220703125,403.20001220703125
26110.0,7950001.0,157.6999969482422,286.20001220703125
26134.0,7960001.0,165.6999969482422,291.20001220703125
26160.0,7970001.0,225.60000610351562,356.1000061035156
26188.0,7980001.0,243.6999969482422,387.20001220703125
26217.0,7990001.0,259.20001220703125,401.20001220703125
26243.0,8000001.0,205.39999389648438,340.8999938964844
26272.0,8010001.0,237.8000030517578,389.79998779296875
26300.0,8020001.0,204.1999969482422,331.70001220703125
26327.0,8030001.0,199.60000610351562,337.6000061035156
26351.0,8040001.0,250.1999969482422,388.70001220703125
26373.0,8050001.0,308.79998779296875,456.79998779296875
26395.0,8060001.0,290.3999938964844,449.3999938964844
26421.0,8070001.0,206.39999389648438,339.3999938964844
26447.0,8080001.0,221.5,364.5
26476.0,8090001.0,271.5,412.5
26500.0,8100001.0,259.79998779296875,402.79998779296875
26524.0,8110001.0,301.6000061035156,438.1000061035156
26547.0,8120001.0,229.1999969482422,377.20001220703125
26570.0,8130001.0,275.8999938964844,417.8999938964844
26595.0,8140001.0,257.20001220703125,406.20001220703125
26621.0,8150001.0,246.8000030517578,385.29998779296875
26648.0,8160001.0,268.29998779296875,420.29998779296875
26673.0,8170001.0,306.79998779296875,461.29998779296875
26695.0,8180001.0,273.8999938964844,430.3999938964844
26720.0,8190001.0,282.1000061035156,436.6000061035156
26744.0,8200001.0,277.8999938964844,433.8999938964844
26765.0,8210001.0,278.70001220703125,426.70001220703125
26787.0,8220001.0,342.3999938964844,494.3999938964844
26808.0,8230001.0,344.5,495.5
26833.0,8240001.0,206.10000610351562,335.1000061035156
26854.0,8250001.0,368.20001220703125,519.7000122070312
26879.0,8260001.0,260.20001220703125,392.20001220703125
26908.0,8270001.0,204.89999389648438,344.3999938964844
26939.0,8280001.0,98.5,216.5
26965.0,8290001.0,261.8999938964844,407.3999938964844
26991.0,8300001.0,184.8000030517578,315.29998779296875
27018.0,8310001.0,307.3999938964844,451.3999938964844
27040.0,8320001.0,281.3999938964844,418.3999938964844
27064.0,8330001.0,294.6000061035156,449.1000061035156
27091.0,8340001.0,268.29998779296875,415.29998779296875
27113.0,8350001.0,244.8000030517578,389.29998779296875
27138.0,8360001.0,221.1999969482422,348.20001220703125
27161.0,8370001.0,330.70001220703125,480.20001220703125
27184.0,8380001.0,289.70001220703125,426.70001220703125
27203.0,8390001.0,384.29998779296875,534.2999877929688
27225.0,8400001.0,321.6000061035156,466.6000061035156
27248.0,8410001.0,268.20001220703125,403.20001220703125
27272.0,8420001.0,249.39999389648438,375.8999938964844
27296.0,8430001.0,268.79998779296875,407.29998779296875
27322.0,8440001.0,248.60000610351562,414.1000061035156
27348.0,8450001.0,225.0,358.0
27373.0,8460001.0,199.5,336.5
27398.0,8470001.0,256.3999938964844,397.3999938964844
27422.0,8480001.0,288.5,435.5
27448.0,8490001.0,196.39999389648438,329.8999938964844
27471.0,8500001.0,274.5,414.5
27499.0,8510001.0,216.10000610351562,343.6000061035156
27522.0,8520001.0,263.0,411.0
27550.0,8530001.0,243.0,375.5
27570.0,8540001.0,318.29998779296875,459.79998779296875
27594.0,8550001.0,285.79998779296875,423.79998779296875
27616.0,8560001.0,274.79998779296875,417.29998779296875
27640.0,8570001.0,221.8000030517578,363.79998779296875
27662.0,8580001.0,337.8999938964844,482.8999938964844
27689.0,8590001.0,194.89999389648438,326.3999938964844
27711.0,8600001.0,392.8999938964844,546.4000244140625
27740.0,8610001.0,157.0,283.0
27768.0,8620001.0,268.79998779296875,410.29998779296875
27790.0,8630001.0,323.79998779296875,472.29998779296875
27814.0,8640001.0,251.1999969482422,389.20001220703125
27836.0,8650001.0,279.0,413.0
27856.0,8660001.0,297.1000061035156,446.1000061035156
27879.0,8670001.0,308.5,459.5
27904.0,8680001.0,265.79998779296875,402.29998779296875
27927.0,8690001.0,241.60000610351562,371.6000061035156
27951.0,8700001.0,250.39999389648438,382.8999938964844
27974.0,8710001.0,337.29998779296875,490.29998779296875
27998.0,8720001.0,282.3999938964844,416.8999938964844
28022.0,8730001.0,336.29998779296875,484.29998779296875
28046.0,8740001.0,316.70001220703125,447.20001220703125
28072.0,8750001.0,229.0,362.5
28094.0,8760001.0,316.79998779296875,458.79998779296875
28118.0,8770001.0,252.60000610351562,403.1000061035156
28143.0,8780001.0,213.8000030517578,353.79998779296875
28167.0,8790001.0,296.6000061035156,442.1000061035156
28192.0,8800001.0,268.1000061035156,408.6000061035156
28214.0,8810001.0,241.6999969482422,379.20001220703125
28240.0,8820001.0,308.20001220703125,444.70001220703125
28264.0,8830001.0,180.39999389648438,318.3999938964844
28286.0,8840001.0,309.5,449.5
28314.0,8850001.0,174.60000610351562,298.1000061035156
28340.0,8860001.0,231.10000610351562,359.6000061035156
28364.0,8870001.0,259.20001220703125,403.20001220703125
28389.0,8880001.0,286.70001220703125,442.70001220703125
28414.0,8890001.0,230.8000030517578,374.79998779296875
28443.0,8900001.0,203.0,334.5
28466.0,8910001.0,221.39999389648438,356.3999938964844
28490.0,8920001.0,295.8999938964844,446.3999938964844
28509.0,8930001.0,383.0,539.0
28533.0,8940001.0,203.6999969482422,329.20001220703125
28556.0,8950001.0,263.70001220703125,421.20001220703125
28579.0,8960001.0,297.0,435.5
28600.0,8970001.0,339.8999938964844,489.3999938964844
28623.0,8980001.0,298.29998779296875,446.79998779296875
28646.0,8990001.0,312.70001220703125,473.70001220703125
28668.0,9000001.0,272.70001220703125,428.20001220703125
28695.0,9010001.0,281.3999938964844,424.3999938964844
28720.0,9020001.0,302.29998779296875,444.79998779296875
28745.0,9030001.0,201.10000610351562,338.6000061035156
28769.0,9040001.0,225.5,354.0
28792.0,9050001.0,275.3999938964844,408.8999938964844
28819.0,9060001.0,273.5,420.0
28841.0,9070001.0,294.5,446.0
28866.0,9080001.0,222.39999389648438,362.8999938964844
28895.0,9090001.0,213.10000610351562,344.6000061035156
28920.0,9100001.0,250.3000030517578,384.29998779296875
28944.0,9110001.0,304.3999938964844,445.8999938964844
28969.0,9120001.0,194.8000030517578,326.29998779296875
28995.0,9130001.0,166.0,293.5
29020.0,9140001.0,219.6999969482422,346.20001220703125
29045.0,9150001.0,280.79998779296875,411.79998779296875
29068.0,9160001.0,286.3999938964844,421.8999938964844
29093.0,9170001.0,250.3000030517578,379.29998779296875
29119.0,9180001.0,277.79998779296875,426.79998779296875
29146.0,9190001.0,189.89999389648438,314.3999938964844
29168.0,9200001.0,317.6000061035156,467.6000061035156
29192.0,9210001.0,288.29998779296875,430.29998779296875
29213.0,9220001.0,301.0,452.5
29235.0,9230001.0,255.1999969482422,375.70001220703125
29262.0,9240001.0,274.3999938964844,418.3999938964844
29284.0,9250001.0,263.79998779296875,402.29998779296875
29306.0,9260001.0,369.5,514.5
29329.0,9270001.0,228.8000030517578,361.79998779296875
29353.0,9280001.0,250.89999389648438,401.8999938964844
29375.0,9290001.0,272.8999938964844,408.3999938964844
29400.0,9300001.0,263.8999938964844,409.3999938964844
29426.0,9310001.0,221.3000030517578,343.79998779296875
29449.0,9320001.0,259.6000061035156,388.1000061035156
29474.0,9330001.0,286.5,426.0
29499.0,9340001.0,247.5,377.5
29525.0,9350001.0,226.3000030517578,351.79998779296875
29549.0,9360001.0,263.5,405.0
29572.0,9370001.0,289.3999938964844,434.3999938964844
29594.0,9380001.0,259.0,404.5
29618.0,9390001.0,304.79998779296875,440.79998779296875
29638.0,9400001.0,279.5,415.5
29662.0,9410001.0,228.0,358.0
29683.0,9420001.0,371.1000061035156,518.5999755859375
29708.0,9430001.0,276.29998779296875,424.29998779296875
29736.0,9440001.0,226.5,356.5
29761.0,9450001.0,299.8999938964844,439.3999938964844
29781.0,9460001.0,320.6000061035156,478.6000061035156
29805.0,9470001.0,229.1999969482422,359.70001220703125
29829.0,9480001.0,352.29998779296875,496.29998779296875
29851.0,9490001.0,310.20001220703125,456.20001220703125
29874.0,9500001.0,282.8999938964844,422.8999938964844
29897.0,9510001.0,297.0,439.0
29919.0,9520001.0,320.70001220703125,464.70001220703125
29944.0,9530001.0,248.1999969482422,382.70001220703125
29967.0,9540001.0,283.70001220703125,432.70001220703125
29993.0,9550001.0,194.5,324.0
30019.0,9560001.0,210.89999389648438,352.8999938964844
30042.0,9570001.0,306.6000061035156,443.6000061035156
30065.0,9580001.0,238.8000030517578,368.29998779296875
30090.0,9590001.0,234.3000030517578,373.79998779296875
30115.0,9600001.0,214.60000610351562,350.6000061035156
30140.0,9610001.0,194.6999969482422,325.20001220703125
30168.0,9620001.0,191.5,310.5
30190.0,9630001.0,289.8999938964844,441.3999938964844
30209.0,9640001.0,284.1000061035156,430.1000061035156
30232.0,9650001.0,278.6000061035156,408.1000061035156
30258.0,9660001.0,325.70001220703125,463.70001220703125
30288.0,9670001.0,190.6999969482422,309.70001220703125
30318.0,9680001.0,268.70001220703125,390.70001220703125
30345.0,9690001.0,268.0,413.0
30369.0,9700001.0,245.8000030517578,383.29998779296875
30392.0,9710001.0,279.6000061035156,416.6000061035156
30421.0,9720001.0,189.5,317.5
30447.0,9730001.0,250.1999969482422,400.20001220703125
30471.0,9740001.0,276.3999938964844,420.8999938964844
30495.0,9750001.0,298.20001220703125,434.70001220703125
30518.0,9760001.0,302.20001220703125,449.20001220703125
30542.0,9770001.0,277.20001220703125,418.20001220703125
30561.0,9780001.0,412.8999938964844,573.9000244140625
30583.0,9790001.0,295.8999938964844,450.8999938964844
30608.0,9800001.0,214.39999389648438,338.3999938964844
30629.0,9810001.0,273.5,408.5
30656.0,9820001.0,224.5,355.5
30677.0,9830001.0,306.0,449.0
30702.0,9840001.0,175.39999389648438,314.3999938964844
30731.0,9850001.0,211.5,360.5
30760.0,9860001.0,168.60000610351562,309.6000061035156
30786.0,9870001.0,206.0,355.5
30809.0,9880001.0,250.3000030517578,400.29998779296875
30834.0,9890001.0,239.89999389648438,368.3999938964844
30863.0,9900001.0,166.5,288.0
30887.0,9910001.0,252.8000030517578,385.29998779296875
30908.0,9920001.0,344.20001220703125,517.2000122070312
30935.0,9930001.0,202.60000610351562,342.1000061035156
30964.0,9940001.0,223.0,354.5
30985.0,9950001.0,255.3000030517578,394.79998779296875
31009.0,9960001.0,230.89999389648438,365.3999938964844
31034.0,9970001.0,254.39999389648438,402.3999938964844
31061.0,9980001.0,231.1999969482422,362.20001220703125
31085.0,9990001.0,216.10000610351562,342.6000061035156
