N_Ep,Env_Steps,Avf_RM,Avg_EPLM
1.0,1.0,0.0,1.0
2706.0,10001.0,2.799999952316284,3.799999952316284
5068.0,20001.0,2.4000000953674316,3.4000000953674316
7207.0,30001.0,3.799999952316284,4.800000190734863
9144.0,40001.0,5.5,5.5
10751.0,50001.0,6.099999904632568,6.599999904632568
12142.0,60001.0,8.5,8.5
13216.0,70001.0,15.899999618530273,13.899999618530273
14115.0,80001.0,10.5,9.5
14633.0,90001.0,42.099998474121094,28.600000381469727
14940.0,100001.0,99.30000305175781,63.79999923706055
15089.0,110001.0,107.80000305175781,66.80000305175781
15234.0,120001.0,162.6999969482422,94.19999694824219
15373.0,130001.0,175.3000030517578,100.30000305175781
15506.0,140001.0,136.6999969482422,80.69999694824219
15627.0,150001.0,136.5,79.0
15751.0,160001.0,137.5,83.5
15857.0,170001.0,195.1999969482422,111.19999694824219
15977.0,180001.0,153.6999969482422,88.19999694824219
16092.0,190001.0,146.5,81.5
16209.0,200001.0,202.39999389648438,114.9000015258789
16330.0,210001.0,145.0,82.5
16439.0,220001.0,163.10000610351562,94.0999984741211
16553.0,230001.0,183.1999969482422,103.19999694824219
16676.0,240001.0,115.5,65.0
16793.0,250001.0,149.6999969482422,83.19999694824219
16915.0,260001.0,120.30000305175781,70.80000305175781
17035.0,270001.0,123.19999694824219,72.69999694824219
17144.0,280001.0,161.89999389648438,89.9000015258789
17251.0,290001.0,183.89999389648438,100.4000015258789
17366.0,300001.0,146.1999969482422,81.19999694824219
17477.0,310001.0,184.89999389648438,108.4000015258789
17599.0,320001.0,145.1999969482422,84.69999694824219
17700.0,330001.0,197.39999389648438,107.9000015258789
17801.0,340001.0,157.0,89.5
17911.0,350001.0,145.5,79.0
18021.0,360001.0,173.1999969482422,101.19999694824219
18122.0,370001.0,214.60000610351562,124.5999984741211
18236.0,380001.0,159.10000610351562,84.5999984741211
18346.0,390001.0,120.9000015258789,73.9000015258789
18464.0,400001.0,159.60000610351562,88.5999984741211
18569.0,410001.0,167.6999969482422,96.19999694824219
18679.0,420001.0,149.60000610351562,84.0999984741211
18796.0,430001.0,115.9000015258789,68.9000015258789
18896.0,440001.0,165.8000030517578,92.30000305175781
19011.0,450001.0,152.8000030517578,85.80000305175781
19119.0,460001.0,177.0,101.5
19232.0,470001.0,100.69999694824219,52.70000076293945
19344.0,480001.0,132.1999969482422,75.19999694824219
19441.0,490001.0,140.0,81.0
19554.0,500001.0,151.89999389648438,87.4000015258789
19656.0,510001.0,234.6999969482422,130.1999969482422
19758.0,520001.0,195.5,106.5
19864.0,530001.0,179.10000610351562,99.5999984741211
19969.0,540001.0,180.39999389648438,101.4000015258789
20084.0,550001.0,165.60000610351562,89.5999984741211
20200.0,560001.0,147.8000030517578,86.30000305175781
20311.0,570001.0,176.39999389648438,94.9000015258789
20424.0,580001.0,132.39999389648438,72.9000015258789
20536.0,590001.0,167.6999969482422,93.19999694824219
20633.0,600001.0,231.89999389648438,126.9000015258789
20731.0,610001.0,169.6999969482422,92.19999694824219
20846.0,620001.0,141.8000030517578,77.30000305175781
20952.0,630001.0,149.1999969482422,88.69999694824219
21055.0,640001.0,194.6999969482422,105.69999694824219
21161.0,650001.0,185.39999389648438,100.4000015258789
21270.0,660001.0,168.10000610351562,91.5999984741211
21372.0,670001.0,176.1999969482422,98.69999694824219
21476.0,680001.0,136.89999389648438,75.4000015258789
21588.0,690001.0,146.8000030517578,86.80000305175781
21691.0,700001.0,183.10000610351562,104.0999984741211
21801.0,710001.0,125.30000305175781,74.30000305175781
21898.0,720001.0,206.3000030517578,114.30000305175781
22002.0,730001.0,176.89999389648438,94.9000015258789
22119.0,740001.0,204.10000610351562,114.0999984741211
22225.0,750001.0,188.10000610351562,99.5999984741211
22336.0,760001.0,122.69999694824219,66.69999694824219
22437.0,770001.0,199.0,106.5
22543.0,780001.0,189.10000610351562,97.5999984741211
22657.0,790001.0,158.5,90.0
22765.0,800001.0,165.10000610351562,93.5999984741211
22869.0,810001.0,145.5,88.0
22976.0,820001.0,207.5,104.5
23089.0,830001.0,146.39999389648438,81.4000015258789
23200.0,840001.0,145.3000030517578,83.80000305175781
23304.0,850001.0,141.89999389648438,81.4000015258789
23416.0,860001.0,145.8000030517578,78.80000305175781
23532.0,870001.0,168.39999389648438,96.9000015258789
23635.0,880001.0,199.89999389648438,112.4000015258789
23740.0,890001.0,126.4000015258789,69.9000015258789
23845.0,900001.0,207.6999969482422,114.19999694824219
23963.0,910001.0,151.0,88.0
24071.0,920001.0,140.5,80.0
24183.0,930001.0,166.1999969482422,92.19999694824219
24286.0,940001.0,161.89999389648438,84.4000015258789
24401.0,950001.0,148.3000030517578,82.80000305175781
24504.0,960001.0,193.5,108.5
24620.0,970001.0,163.8000030517578,93.80000305175781
24735.0,980001.0,141.8000030517578,80.80000305175781
24839.0,990001.0,167.89999389648438,93.4000015258789
24944.0,1000001.0,169.39999389648438,91.9000015258789
25069.0,1010001.0,136.89999389648438,77.4000015258789
25185.0,1020001.0,136.89999389648438,73.9000015258789
25285.0,1030001.0,177.3000030517578,102.30000305175781
25401.0,1040001.0,177.39999389648438,94.9000015258789
25502.0,1050001.0,169.3000030517578,98.30000305175781
25605.0,1060001.0,161.0,92.5
25715.0,1070001.0,156.39999389648438,85.9000015258789
25829.0,1080001.0,175.0,98.0
25932.0,1090001.0,152.6999969482422,89.19999694824219
26037.0,1100001.0,160.89999389648438,84.9000015258789
26141.0,1110001.0,174.1999969482422,96.69999694824219
26243.0,1120001.0,182.39999389648438,101.4000015258789
26357.0,1130001.0,109.80000305175781,63.29999923706055
26462.0,1140001.0,198.3000030517578,103.80000305175781
26569.0,1150001.0,188.8000030517578,106.80000305175781
26672.0,1160001.0,152.60000610351562,85.5999984741211
26776.0,1170001.0,152.6999969482422,86.69999694824219
26890.0,1180001.0,147.6999969482422,82.19999694824219
26990.0,1190001.0,197.89999389648438,113.4000015258789
27093.0,1200001.0,195.8000030517578,105.80000305175781
27200.0,1210001.0,180.3000030517578,102.30000305175781
27312.0,1220001.0,168.5,95.0
27420.0,1230001.0,164.10000610351562,92.5999984741211
27531.0,1240001.0,184.5,96.5
27640.0,1250001.0,173.1999969482422,94.69999694824219
27746.0,1260001.0,142.0,81.5
27852.0,1270001.0,199.60000610351562,114.5999984741211
27958.0,1280001.0,154.39999389648438,84.9000015258789
28061.0,1290001.0,123.80000305175781,72.30000305175781
28163.0,1300001.0,167.10000610351562,94.5999984741211
28277.0,1310001.0,164.89999389648438,91.9000015258789
28378.0,1320001.0,166.6999969482422,91.19999694824219
28497.0,1330001.0,127.5,68.0
28604.0,1340001.0,198.10000610351562,109.5999984741211
28703.0,1350001.0,231.39999389648438,123.9000015258789
28813.0,1360001.0,145.89999389648438,79.4000015258789
28905.0,1370001.0,203.0,113.0
29006.0,1380001.0,154.0,87.0
29108.0,1390001.0,136.5,77.5
29215.0,1400001.0,173.60000610351562,101.0999984741211
29323.0,1410001.0,202.10000610351562,114.0999984741211
29435.0,1420001.0,197.10000610351562,109.0999984741211
29546.0,1430001.0,164.8000030517578,87.30000305175781
29658.0,1440001.0,163.0,90.0
29753.0,1450001.0,184.6999969482422,102.19999694824219
29867.0,1460001.0,141.8000030517578,79.80000305175781
29969.0,1470001.0,199.89999389648438,110.4000015258789
30081.0,1480001.0,160.8000030517578,89.80000305175781
30191.0,1490001.0,136.6999969482422,76.19999694824219
30294.0,1500001.0,127.5,72.0
30402.0,1510001.0,148.10000610351562,81.5999984741211
30511.0,1520001.0,206.3000030517578,111.80000305175781
30616.0,1530001.0,220.89999389648438,118.9000015258789
30716.0,1540001.0,212.5,117.5
30816.0,1550001.0,193.39999389648438,111.4000015258789
30916.0,1560001.0,123.0,72.0
31016.0,1570001.0,131.3000030517578,72.80000305175781
31133.0,1580001.0,120.19999694824219,68.69999694824219
31247.0,1590001.0,125.19999694824219,69.19999694824219
31347.0,1600001.0,222.39999389648438,119.9000015258789
31446.0,1610001.0,161.89999389648438,87.4000015258789
31547.0,1620001.0,200.0,108.0
31646.0,1630001.0,148.6999969482422,80.69999694824219
31748.0,1640001.0,148.89999389648438,81.9000015258789
31846.0,1650001.0,201.5,112.0
31953.0,1660001.0,208.39999389648438,114.9000015258789
32063.0,1670001.0,130.3000030517578,74.30000305175781
32164.0,1680001.0,141.5,79.5
32268.0,1690001.0,167.60000610351562,96.5999984741211
32377.0,1700001.0,206.5,110.0
32473.0,1710001.0,176.10000610351562,96.5999984741211
32571.0,1720001.0,155.0,86.5
32663.0,1730001.0,245.6999969482422,129.1999969482422
32772.0,1740001.0,141.5,82.5
32874.0,1750001.0,151.10000610351562,85.0999984741211
32988.0,1760001.0,163.6999969482422,92.69999694824219
33092.0,1770001.0,198.10000610351562,109.5999984741211
33200.0,1780001.0,231.8000030517578,125.80000305175781
33295.0,1790001.0,176.6999969482422,101.69999694824219
33406.0,1800001.0,206.5,111.0
33515.0,1810001.0,122.5,73.0
33627.0,1820001.0,144.3000030517578,79.80000305175781
33735.0,1830001.0,168.60000610351562,97.0999984741211
33839.0,1840001.0,129.60000610351562,75.0999984741211
33945.0,1850001.0,181.10000610351562,93.5999984741211
34057.0,1860001.0,201.6999969482422,110.19999694824219
34158.0,1870001.0,224.3000030517578,125.30000305175781
34275.0,1880001.0,111.80000305175781,63.29999923706055
34385.0,1890001.0,176.8000030517578,103.30000305175781
34505.0,1900001.0,116.30000305175781,67.30000305175781
34603.0,1910001.0,222.3000030517578,119.30000305175781
34712.0,1920001.0,214.89999389648438,121.9000015258789
34813.0,1930001.0,185.60000610351562,103.0999984741211
34917.0,1940001.0,117.0999984741211,72.0999984741211
35035.0,1950001.0,103.0999984741211,65.5999984741211
35142.0,1960001.0,185.0,101.5
35255.0,1970001.0,144.1999969482422,82.19999694824219
35360.0,1980001.0,132.89999389648438,74.9000015258789
35456.0,1990001.0,255.0,135.0
35566.0,2000001.0,200.6999969482422,107.69999694824219
35680.0,2010001.0,179.1999969482422,100.19999694824219
35797.0,2020001.0,198.6999969482422,106.19999694824219
35901.0,2030001.0,216.89999389648438,122.4000015258789
36009.0,2040001.0,159.60000610351562,89.0999984741211
36110.0,2050001.0,132.39999389648438,77.9000015258789
36217.0,2060001.0,147.10000610351562,83.0999984741211
36319.0,2070001.0,180.1999969482422,97.19999694824219
36412.0,2080001.0,177.10000610351562,99.0999984741211
36515.0,2090001.0,174.5,93.5
36625.0,2100001.0,161.10000610351562,88.0999984741211
36735.0,2110001.0,161.89999389648438,84.9000015258789
36842.0,2120001.0,116.80000305175781,70.30000305175781
36954.0,2130001.0,177.6999969482422,100.19999694824219
37059.0,2140001.0,135.3000030517578,76.30000305175781
37165.0,2150001.0,144.89999389648438,83.4000015258789
37267.0,2160001.0,87.0999984741211,52.599998474121094
37364.0,2170001.0,145.8000030517578,79.30000305175781
37467.0,2180001.0,186.5,101.5
37575.0,2190001.0,163.6999969482422,90.19999694824219
37690.0,2200001.0,128.0,74.5
37789.0,2210001.0,189.8000030517578,108.80000305175781
37889.0,2220001.0,186.0,102.5
37989.0,2230001.0,89.69999694824219,57.20000076293945
38102.0,2240001.0,156.8000030517578,88.30000305175781
38201.0,2250001.0,200.89999389648438,105.9000015258789
38306.0,2260001.0,201.3000030517578,109.80000305175781
38419.0,2270001.0,154.89999389648438,87.9000015258789
38523.0,2280001.0,216.3000030517578,117.80000305175781
38635.0,2290001.0,191.39999389648438,108.4000015258789
38742.0,2300001.0,166.10000610351562,93.0999984741211
38847.0,2310001.0,186.1999969482422,106.19999694824219
38959.0,2320001.0,193.89999389648438,106.4000015258789
39060.0,2330001.0,151.1999969482422,88.19999694824219
39166.0,2340001.0,175.89999389648438,95.9000015258789
39267.0,2350001.0,191.8000030517578,105.30000305175781
39381.0,2360001.0,114.0999984741211,62.099998474121094
39483.0,2370001.0,93.5999984741211,55.099998474121094
39576.0,2380001.0,220.3000030517578,122.80000305175781
39682.0,2390001.0,187.10000610351562,104.5999984741211
39791.0,2400001.0,126.80000305175781,69.80000305175781
39898.0,2410001.0,158.3000030517578,84.30000305175781
39998.0,2420001.0,142.3000030517578,78.30000305175781
40104.0,2430001.0,229.0,125.5
40205.0,2440001.0,184.6999969482422,106.19999694824219
40308.0,2450001.0,166.0,93.0
40407.0,2460001.0,164.1999969482422,92.19999694824219
40503.0,2470001.0,202.10000610351562,108.5999984741211
40597.0,2480001.0,171.1999969482422,95.19999694824219
40696.0,2490001.0,163.0,89.5
40797.0,2500001.0,182.1999969482422,102.19999694824219
40894.0,2510001.0,146.8000030517578,85.30000305175781
40999.0,2520001.0,150.8000030517578,82.30000305175781
41108.0,2530001.0,159.5,93.5
41216.0,2540001.0,94.4000015258789,53.900001525878906
41316.0,2550001.0,188.10000610351562,101.0999984741211
41419.0,2560001.0,209.3000030517578,112.80000305175781
41525.0,2570001.0,167.6999969482422,93.69999694824219
41626.0,2580001.0,203.5,111.0
41738.0,2590001.0,185.10000610351562,102.5999984741211
41859.0,2600001.0,160.3000030517578,89.80000305175781
41964.0,2610001.0,140.60000610351562,80.5999984741211
42072.0,2620001.0,209.3000030517578,116.80000305175781
42172.0,2630001.0,213.0,122.0
42277.0,2640001.0,131.0,71.5
42377.0,2650001.0,156.39999389648438,85.9000015258789
42486.0,2660001.0,158.1999969482422,88.69999694824219
42590.0,2670001.0,158.89999389648438,92.4000015258789
42683.0,2680001.0,214.6999969482422,119.19999694824219
42781.0,2690001.0,208.1999969482422,114.19999694824219
42886.0,2700001.0,155.60000610351562,87.5999984741211
42975.0,2710001.0,207.5,113.0
43081.0,2720001.0,168.0,93.0
43179.0,2730001.0,196.1999969482422,105.19999694824219
43284.0,2740001.0,166.10000610351562,90.5999984741211
43380.0,2750001.0,132.60000610351562,78.0999984741211
43481.0,2760001.0,170.39999389648438,93.9000015258789
43595.0,2770001.0,148.3000030517578,85.80000305175781
43696.0,2780001.0,204.10000610351562,116.0999984741211
43800.0,2790001.0,182.1999969482422,103.69999694824219
43909.0,2800001.0,174.89999389648438,98.4000015258789
44005.0,2810001.0,195.3000030517578,108.80000305175781
44117.0,2820001.0,138.6999969482422,77.19999694824219
44218.0,2830001.0,150.89999389648438,84.4000015258789
44317.0,2840001.0,163.1999969482422,87.69999694824219
44421.0,2850001.0,227.5,127.0
44530.0,2860001.0,215.39999389648438,120.4000015258789
44638.0,2870001.0,170.8000030517578,98.30000305175781
44734.0,2880001.0,252.3000030517578,138.3000030517578
44846.0,2890001.0,146.1999969482422,80.69999694824219
44953.0,2900001.0,200.10000610351562,110.0999984741211
45050.0,2910001.0,170.0,98.5
45156.0,2920001.0,152.60000610351562,84.5999984741211
45254.0,2930001.0,190.39999389648438,101.4000015258789
45365.0,2940001.0,153.0,85.0
45472.0,2950001.0,141.39999389648438,80.4000015258789
45568.0,2960001.0,187.6999969482422,104.19999694824219
45677.0,2970001.0,169.1999969482422,90.69999694824219
45779.0,2980001.0,212.1999969482422,111.69999694824219
45872.0,2990001.0,127.9000015258789,74.9000015258789
45971.0,3000001.0,218.89999389648438,120.9000015258789
46073.0,3010001.0,145.0,80.0
46190.0,3020001.0,126.9000015258789,73.4000015258789
46301.0,3030001.0,104.80000305175781,60.29999923706055
46398.0,3040001.0,135.0,81.0
46503.0,3050001.0,181.1999969482422,98.19999694824219
46602.0,3060001.0,176.39999389648438,95.4000015258789
46697.0,3070001.0,153.5,86.0
46801.0,3080001.0,145.89999389648438,83.4000015258789
46898.0,3090001.0,218.1999969482422,127.19999694824219
47012.0,3100001.0,130.0,75.5
47113.0,3110001.0,195.10000610351562,102.0999984741211
47211.0,3120001.0,171.1999969482422,98.69999694824219
47325.0,3130001.0,242.39999389648438,133.89999389648438
47434.0,3140001.0,188.5,104.0
47541.0,3150001.0,192.5,111.0
47645.0,3160001.0,189.5,103.0
47759.0,3170001.0,168.0,91.0
47861.0,3180001.0,121.80000305175781,67.30000305175781
47949.0,3190001.0,177.60000610351562,100.0999984741211
48042.0,3200001.0,191.8000030517578,105.30000305175781
48154.0,3210001.0,124.9000015258789,73.9000015258789
48253.0,3220001.0,214.8000030517578,114.80000305175781
48361.0,3230001.0,159.0,92.0
48465.0,3240001.0,140.39999389648438,81.9000015258789
48575.0,3250001.0,137.1999969482422,79.19999694824219
48676.0,3260001.0,231.6999969482422,127.19999694824219
48779.0,3270001.0,182.60000610351562,98.5999984741211
48884.0,3280001.0,124.80000305175781,69.80000305175781
48998.0,3290001.0,146.0,80.0
49105.0,3300001.0,173.5,95.5
49204.0,3310001.0,214.6999969482422,121.69999694824219
49304.0,3320001.0,199.1999969482422,109.69999694824219
49410.0,3330001.0,182.8000030517578,98.80000305175781
49510.0,3340001.0,125.5,67.5
49620.0,3350001.0,158.39999389648438,87.9000015258789
49717.0,3360001.0,199.10000610351562,113.5999984741211
49820.0,3370001.0,215.39999389648438,117.9000015258789
49915.0,3380001.0,226.10000610351562,126.0999984741211
50008.0,3390001.0,173.60000610351562,99.5999984741211
50121.0,3400001.0,116.0,65.5
50219.0,3410001.0,208.89999389648438,115.4000015258789
50329.0,3420001.0,127.5999984741211,71.5999984741211
50426.0,3430001.0,180.3000030517578,98.80000305175781
50531.0,3440001.0,173.3000030517578,96.30000305175781
50631.0,3450001.0,193.60000610351562,111.5999984741211
50728.0,3460001.0,171.60000610351562,93.5999984741211
50834.0,3470001.0,111.80000305175781,67.30000305175781
50922.0,3480001.0,201.0,111.0
51019.0,3490001.0,179.6999969482422,102.19999694824219
51128.0,3500001.0,149.10000610351562,84.0999984741211
51221.0,3510001.0,195.5,104.5
51324.0,3520001.0,157.10000610351562,88.0999984741211
51418.0,3530001.0,199.0,113.0
51518.0,3540001.0,103.30000305175781,62.79999923706055
51619.0,3550001.0,227.5,126.5
51723.0,3560001.0,175.0,95.5
51824.0,3570001.0,175.5,99.5
51929.0,3580001.0,182.6999969482422,103.69999694824219
52031.0,3590001.0,176.6999969482422,100.69999694824219
52133.0,3600001.0,203.5,110.5
52226.0,3610001.0,185.10000610351562,105.0999984741211
52337.0,3620001.0,186.89999389648438,106.9000015258789
52447.0,3630001.0,214.3000030517578,117.30000305175781
52546.0,3640001.0,170.60000610351562,95.5999984741211
52649.0,3650001.0,210.1999969482422,116.19999694824219
52754.0,3660001.0,230.6999969482422,127.19999694824219
52850.0,3670001.0,178.1999969482422,101.69999694824219
52952.0,3680001.0,211.8000030517578,119.80000305175781
53064.0,3690001.0,128.39999389648438,73.9000015258789
53168.0,3700001.0,169.6999969482422,93.19999694824219
53263.0,3710001.0,203.60000610351562,113.0999984741211
53365.0,3720001.0,229.10000610351562,122.5999984741211
53463.0,3730001.0,210.5,115.5
53563.0,3740001.0,167.5,94.5
53673.0,3750001.0,151.0,86.5
53778.0,3760001.0,123.30000305175781,66.30000305175781
53890.0,3770001.0,141.60000610351562,79.0999984741211
53990.0,3780001.0,233.39999389648438,128.39999389648438
54083.0,3790001.0,123.80000305175781,68.30000305175781
54185.0,3800001.0,171.6999969482422,98.19999694824219
54282.0,3810001.0,204.1999969482422,112.69999694824219
54374.0,3820001.0,181.39999389648438,103.4000015258789
54480.0,3830001.0,111.30000305175781,66.80000305175781
54581.0,3840001.0,192.5,108.5
54680.0,3850001.0,188.6999969482422,108.69999694824219
54774.0,3860001.0,221.6999969482422,120.19999694824219
54883.0,3870001.0,177.60000610351562,98.5999984741211
54985.0,3880001.0,208.89999389648438,122.9000015258789
55084.0,3890001.0,202.39999389648438,114.4000015258789
55192.0,3900001.0,165.89999389648438,93.4000015258789
55289.0,3910001.0,227.1999969482422,124.69999694824219
55392.0,3920001.0,181.8000030517578,102.30000305175781
55489.0,3930001.0,200.6999969482422,106.69999694824219
55592.0,3940001.0,141.10000610351562,82.5999984741211
55691.0,3950001.0,118.30000305175781,64.30000305175781
55803.0,3960001.0,148.1999969482422,86.19999694824219
55908.0,3970001.0,167.3000030517578,91.30000305175781
55998.0,3980001.0,190.6999969482422,107.69999694824219
56102.0,3990001.0,158.8000030517578,91.80000305175781
